strategic_region={
	id=27
	name="STRATEGICREGION_27"
	provinces={
		8177 8178 8179 8180 8181 8182 8183 8184 8185 8186 8187 8188 8189 8190 8191 8192 8193 8194 8195 8210 8211 8212 8213 8214 8215 8216 8217 8218 8219 8220 8221 8231 8232 8233 8234 8262 8263 8264 8265 8266 8267 8268 8269 8279 8280 8281 8282 8283 8284 8285 8286 8287 8288 8289 8290 8291 8292 8293 8320 8321 8322 8323 8324 8325 8326 8327 8328 8329 8330 8331 8332 8333 8334 8335 8336 8337 8338 8339 8340 8341 8342 8343 8344 8345 8346 8347 8348 8349 8350 8351 8362 8363 8364 8365 8366 8367 8368 8369 8370 8371 8372 8373 8374 8375 8376 8377 8378 8379 8380 8401 8402 8403 8404 8405 8406 8407 8408 8409 8425 8426 8427 8428 8429 8430 8431 8432 8433 8449 8450 8451 8452 8477 8478 8479 8480 8481 8482 8483 8484 8498 8499 8500 8501 8502 8503 8504 8517 8518 8519 8520 8521 8522 8523 8524 8525 8526 8527 8528 8529 8530 8531 8590 8591 8592 8593 8594 8595 8596 8597 8598 8599 8600 8601 8602 8603 8604 8605 8606 8607 8608 8609 8610 8611 8673 8674 8675 8676 8695 8702 8703 8704 8705 8706 8707 8708 8709 8710 8711 8712 8713 8714 8715 8716 8717 8760 8761 8762 8763 8764 8774 8775 8798 8799 8857 8858 8859 8860 8865 8866 8867 8868 8869 8870 8871 8872 8873 8874 8882 8883 8884 8885 8886 8887 8888 8889 8926 8927 8928 8929 8930 8934 8935 8936 8937 8938 8971 8972 8973 8974 8975 8976 9001 9002 9003 9004 9005 9006 9007 9008 9009 9010 9011 9012 9013 9014 9015 9016 9019 9020 9021 9022 9023 9024 9025 9026 9027 9028 9029 9030 9031 9032 9033 9034 9035 9036 9037 9038 9039 9040 9072 9073 9074 9075 9076 9084 9085 9086 9087 9088 9089 9090 9091 9092 9093 9094 9095 9096 9097 9098 9099 9100 9101 9102 9103 9104 9105 9106 9107 9116 9117 9118 9119 9120 9121 9122 9128 9129 9130 9131 9132 9133 9134 9135 9136 9137 9138 9139 9140 9141 9142 9143 9144 9145 9147 9148 9149 9150 9160 9161 9162 9163 9164 9165 9166 9167 9168 9181 9182 9188 9205 9206 9207 9208 9209 9210 9211 9222 9223 9224 9225 9226 9275 9276 9277 9278 9279 9280 9281 9282 9283 9284 9285 9286 9287 9288 9289 9290 9291 9297 9298 9299 9300 9301 9302 9303 9304 15549 
	}
	
	weather={
		period={
			between={ 0.0 30.0 }
			temperature={ 20.00 27.00 }
			no_phenomenon=0.671602
			rain_light=0.138657
			rain_heavy=0.189741
			snow=0.000000
			blizzard=0.000000
			arctic_water=0.000
			mud=0.051814
			sandstorm=0.000000
			min_snow_level=0.000
		}
		period={
			between={ 0.1 27.1 }
			temperature={ 19.00 25.00 }
			no_phenomenon=0.671602
			rain_light=0.146229
			rain_heavy=0.182169
			snow=0.000000
			blizzard=0.000000
			arctic_water=0.000
			mud=0.051057
			sandstorm=0.000000
			min_snow_level=0.000
		}
		period={
			between={ 0.2 30.2 }
			temperature={ 17.00 24.00 }
			no_phenomenon=0.671602
			rain_light=0.153801
			rain_heavy=0.174597
			snow=0.000000
			blizzard=0.000000
			arctic_water=0.000
			mud=0.050300
			sandstorm=0.000000
			min_snow_level=0.000
		}
		period={
			between={ 0.3 29.3 }
			temperature={ 16.00 22.00 }
			no_phenomenon=0.671602
			rain_light=0.161373
			rain_heavy=0.167026
			snow=0.000000
			blizzard=0.000000
			arctic_water=0.000
			mud=0.049542
			sandstorm=0.000000
			min_snow_level=0.000
		}
		period={
			between={ 0.4 30.4 }
			temperature={ 14.00 21.00 }
			no_phenomenon=0.671602
			rain_light=0.168945
			rain_heavy=0.159454
			snow=0.000000
			blizzard=0.000000
			arctic_water=0.000
			mud=0.048785
			sandstorm=0.000000
			min_snow_level=0.000
		}
		period={
			between={ 0.5 29.5 }
			temperature={ 12.00 19.00 }
			no_phenomenon=0.671602
			rain_light=0.176517
			rain_heavy=0.151882
			snow=0.000000
			blizzard=0.000000
			arctic_water=0.000
			mud=0.048028
			sandstorm=0.000000
			min_snow_level=0.000
		}
		period={
			between={ 0.6 30.6 }
			temperature={ 11.00 17.00 }
			no_phenomenon=0.671602
			rain_light=0.184089
			rain_heavy=0.144310
			snow=0.000000
			blizzard=0.000000
			arctic_water=0.000
			mud=0.047271
			sandstorm=0.000000
			min_snow_level=0.000
		}
		period={
			between={ 0.7 30.7 }
			temperature={ 12.00 19.00 }
			no_phenomenon=0.671602
			rain_light=0.176517
			rain_heavy=0.151882
			snow=0.000000
			blizzard=0.000000
			arctic_water=0.000
			mud=0.048028
			sandstorm=0.000000
			min_snow_level=0.000
		}
		period={
			between={ 0.8 29.8 }
			temperature={ 14.00 21.00 }
			no_phenomenon=0.671602
			rain_light=0.168945
			rain_heavy=0.159454
			snow=0.000000
			blizzard=0.000000
			arctic_water=0.000
			mud=0.048785
			sandstorm=0.000000
			min_snow_level=0.000
		}
		period={
			between={ 0.9 30.9 }
			temperature={ 16.00 22.00 }
			no_phenomenon=0.671602
			rain_light=0.161373
			rain_heavy=0.167026
			snow=0.000000
			blizzard=0.000000
			arctic_water=0.000
			mud=0.049542
			sandstorm=0.000000
			min_snow_level=0.000
		}
		period={
			between={ 0.10 29.10 }
			temperature={ 17.00 24.00 }
			no_phenomenon=0.671602
			rain_light=0.153801
			rain_heavy=0.174597
			snow=0.000000
			blizzard=0.000000
			arctic_water=0.000
			mud=0.050300
			sandstorm=0.000000
			min_snow_level=0.000
		}
		period={
			between={ 0.11 30.11 }
			temperature={ 19.00 25.00 }
			no_phenomenon=0.671602
			rain_light=0.146229
			rain_heavy=0.182169
			snow=0.000000
			blizzard=0.000000
			arctic_water=0.000
			mud=0.051057
			sandstorm=0.000000
			min_snow_level=0.000
		}
		
	}
}
