1 2 10743 11029 
1 2 1 1794 
1 4 13 14 2020 2015 
1 2 29 34 
1 2 34 29 
1 5 34 29 24 32 1665 
1 3 42 874 1771 
1 3 58 60 1925 
1 2 72 69 
1 2 69 72 
1 4 69 632 388 993 
1 2 73 11024 
1 3 79 77 2222 
1 4 86 85 746 743 
1 3 91 1617 1597 
1 4 103 1188 1186 1180 
1 3 105 108 730 
1 2 115 1093 
1 4 132 119 547 548 
1 8 154 164 1468 1436 1433 1446 1423 1704 
1 6 173 174 184 178 176 190 
1 6 190 176 178 184 174 173 
1 4 190 176 851 852 
1 5 198 192 196 1789 1788 
1 8 198 194 719 1985 1978 1976 1982 1977 
1 3 202 200 1864 
1 3 217 205 1355 
1 3 220 228 992 
1 2 235 11186 
1 7 236 231 378 379 377 1047 1886 
1 3 236 231 378 
1 2 238 10549 
1 2 239 1109 
1 5 244 248 240 241 1278 
1 3 260 2048 2037 
1 4 261 253 256 357 
1 3 262 1201 2225 
1 2 268 269 
1 2 269 268 
1 3 269 266 1114 
1 3 281 997 1966 
1 2 285 10810 
1 2 285 10838 
1 3 283 1972 1973 
1 3 290 1753 1860 
1 3 293 2179 1495 
1 4 295 523 514 1704 
1 2 302 10516 
1 3 302 306 10596 
1 2 302 310 
1 2 310 302 
1 3 319 322 1206 
1 2 329 328 
1 2 328 329 
1 3 328 337 910 
1 2 348 10775 
1 2 344 10571 
1 2 349 10809 
1 2 351 1145 
1 2 353 11046 
1 2 354 2205 
1 5 357 359 1486 1489 1491 
1 4 357 256 253 261 
1 6 363 529 526 527 532 2176 
1 3 363 529 526 
1 2 365 1661 
1 3 371 368 1328 
1 3 372 1674 1676 
1 4 373 372 1674 1676 
1 3 378 1578 1579 
1 3 378 231 236 
1 6 381 1603 1596 1960 1964 1961 
1 3 395 385 394 
1 3 394 385 395 
1 4 394 385 1567 1562 
1 2 396 398 
1 2 398 396 
1 3 398 571 570 
1 3 411 407 2053 
1 10 416 415 2138 2112 2134 2106 2136 2126 2116 2115 
1 5 416 1740 1741 1739 809 
1 4 418 423 2099 2100 
1 4 437 1237 436 1621 
1 3 434 435 1958 
1 2 440 2142 
1 2 441 10615 
1 3 441 10615 948 
1 2 445 2260 
1 9 446 1305 1296 1306 1312 1320 1303 1314 2144 
1 5 446 1305 1316 1301 1292 
1 3 458 1032 1027 
1 4 464 466 463 1068 
1 2 470 473 
1 2 473 470 
1 4 473 468 1998 2010 
1 3 479 476 1279 
1 6 481 2191 2190 2201 2193 2187 
1 2 481 1992 
1 2 481 1992 
1 5 492 483 59 67 1925 
1 2 503 11025 
1 5 502 498 955 945 935 
1 6 508 2168 2164 2165 2266 2270 
1 2 513 1754 
1 6 518 517 525 523 514 1704 
1 3 526 527 1495 
1 3 526 529 363 
1 5 548 537 549 1499 1500 
1 4 548 547 119 132 
1 7 556 594 592 598 1687 1684 593 
1 3 570 571 398 
1 3 570 572 1204 
1 2 573 1661 
1 3 577 580 2015 
1 2 589 582 
1 2 582 589 
1 4 582 590 1895 1894 
1 4 593 1687 1678 1681 
1 7 593 1684 593 598 592 594 556 
1 3 603 1932 1934 
1 2 615 10575 
1 2 615 10575 
1 4 624 617 626 2216 
1 3 628 637 630 
1 3 630 637 628 
1 3 630 2252 2250 
1 2 630 2252 
1 6 651 652 649 479 476 1279 
1 6 654 1780 1786 1781 1785 1777 
1 3 671 661 680 
1 3 680 660 10620 
1 14 680 666 677 667 673 970 964 7018 684 7018 7013 658 665 7176 
1 3 680 661 671 
1 2 689 10632 
1 2 689 10799 
1 3 688 1677 1479 
1 5 688 1677 1479 1675 2095 
1 4 699 707 715 934 
1 7 720 1013 1008 1007 1009 1014 1912 
1 2 720 1291 
1 2 728 1328 
1 4 726 616 615 10575 
1 2 730 1646 
1 3 730 108 105 
1 4 733 737 2232 2230 
1 4 743 747 2094 2095 
1 4 743 746 85 86 
1 3 749 753 1479 
1 4 761 758 1415 1411 
1 2 772 1919 
1 2 774 781 
1 2 781 774 
1 3 781 779 1894 
1 2 785 784 
1 2 784 785 
1 7 784 232 236 230 1041 1040 11186 
1 3 789 810 2187 
1 5 809 1739 1741 1740 416 
1 4 809 798 788 849 
1 5 818 824 1490 1489 1491 
1 2 837 832 
1 2 832 837 
1 7 832 828 2241 827 2244 2243 10781 
1 3 843 1626 992 
1 4 849 808 792 1554 
1 4 849 788 798 809 
1 2 850 2206 
1 2 850 2206 
1 3 857 854 852 
1 3 852 851 857 
1 5 852 854 928 930 931 
1 4 852 851 176 190 
1 4 861 873 860 1771 
1 2 895 11083 
1 5 877 908 887 890 10717 
1 2 910 1754 
1 3 910 337 328 
1 4 924 913 1983 1977 
1 5 931 930 928 854 852 
1 3 931 932 934 
1 3 934 932 931 
1 7 934 697 1156 1149 1171 1153 1162 
1 4 934 697 1152 1165 
1 9 934 697 1152 1167 1154 1170 1162 110 113 
1 4 934 715 707 699 
1 3 948 10615 441 
1 5 935 945 955 498 502 
1 4 935 957 104 1104 
1 3 969 277 10859 
1 2 985 11046 
1 4 988 989 354 2205 
1 6 992 1626 1622 325 321 1627 
1 3 992 228 220 
1 3 992 1626 843 
1 4 993 994 1935 1934 
1 4 993 388 632 69 
1 3 996 997 1966 
1 2 999 11074 
1 2 998 11074 
1 4 1001 1005 2060 2260 
1 3 1009 1014 1912 
1 6 1021 1026 1801 1807 1809 1065 
1 9 1027 1032 458 461 456 459 1960 1964 1961 
1 3 1027 1032 458 
1 2 1035 2257 
1 3 1035 1034 1099 
1 2 1040 11186 
1 2 1040 11186 
1 3 1045 1577 1579 
1 4 1048 1054 1731 1730 
1 4 1062 1057 1055 1057 
1 4 1057 1055 1057 1062 
1 4 1057 2254 2249 2252 
1 3 1065 1810 1796 
1 6 1065 1809 1807 1801 1671 1021 
1 3 1068 1071 1396 
1 4 1068 463 466 464 
1 3 1084 1404 1406 
1 2 1096 1093 
1 2 1093 1096 
1 2 1093 115 
1 3 1099 1098 1703 
1 3 1099 1034 1035 
1 3 1101 1988 1987 
1 5 1101 1103 1100 1102 2230 
1 3 1104 1106 2160 
1 4 1104 104 957 935 
1 5 1109 239 238 237 1997 
1 2 1109 239 
1 3 1108 396 1409 
1 2 1112 1114 
1 2 1114 1112 
1 4 1114 1120 1115 1341 
1 3 1114 266 269 
1 2 1122 10633 
1 2 1122 10633 
1 3 1126 1134 1722 
1 4 1145 1146 1145 1959 
1 2 1145 351 
1 2 1147 1859 
1 5 1190 1176 1172 1185 1180 
1 8 1180 1186 1174 504 506 496 505 11025 
1 5 1180 1185 1172 1176 1190 
1 4 1180 1186 1188 103 
1 7 1203 1194 1756 1199 1200 513 1754 
1 2 1203 1191 
1 2 1191 1203 
1 2 1191 2225 
1 3 1204 1205 2180 
1 6 1204 572 570 2220 2218 2219 
1 3 1204 572 570 
1 3 1206 1209 1262 
1 3 1206 322 319 
1 4 1215 1222 1213 1212 
1 4 1212 1213 1222 1215 
1 5 1212 1213 1211 1921 1920 
1 4 1212 1216 1219 1848 
1 3 1238 1233 1226 
1 3 1226 1233 1238 
1 5 1226 1228 438 435 1958 
1 4 1226 1229 1235 11105 
1 4 1242 1246 1660 1655 
1 8 1251 12 17 9 7 21 1404 1406 
1 2 1251 1751 
1 4 1262 1261 2091 2090 
1 3 1262 1209 1206 
1 4 1273 532 527 1495 
1 3 1278 1276 2216 
1 5 1278 241 240 248 244 
1 4 1279 476 1540 1536 
1 3 1279 476 479 
1 6 1279 476 479 649 652 651 
1 3 1283 1285 1751 
1 9 1283 1285 17 12 23 13 14 2020 2015 
1 2 1291 720 
1 2 1309 1292 
1 2 1292 1309 
1 2 1292 2141 
1 5 1292 1301 1316 1305 446 
1 3 1321 792 1554 
1 3 1323 1324 1322 
1 3 1322 1324 1323 
1 4 1322 442 440 2142 
1 14 1322 1324 1323 1324 1325 1327 1325 1324 1323 2141 1292 1309 1292 2141 
1 3 1331 1989 1987 
1 4 1328 728 729 10575 
1 2 1328 728 
1 3 1328 368 371 
1 2 1333 10731 
1 3 1332 1334 1818 
1 5 1341 1345 1340 1344 1627 
1 4 1341 1115 1120 1114 
1 2 1347 2221 
1 5 1350 279 281 997 1966 
1 4 1353 1539 1545 1536 
1 4 1355 205 217 10459 
1 3 1355 205 217 
1 6 1365 1376 1361 2156 1218 2158 
1 5 1396 465 464 466 1500 
1 3 1396 1394 2203 
1 3 1396 1071 1068 
1 6 1398 2267 2268 2272 2265 2270 
1 2 1401 10885 
1 8 1406 1404 21 7 9 17 12 1251 
1 3 1406 1404 1084 
1 5 1409 396 1108 1110 2264 
1 3 1409 396 1108 
1 7 1411 1415 758 291 287 2263 2260 
1 10 1411 1413 759 1417 1412 247 241 240 1276 2216 
1 4 1411 1415 758 761 
1 7 1440 1775 1765 1772 1758 1770 10806 
1 3 1461 1459 2172 
1 7 1478 1470 51 41 57 39 1518 
1 3 1479 1677 1675 
1 3 1479 753 749 
1 3 1479 1481 688 
1 4 1482 1485 1483 1491 
1 8 1482 1485 1483 1491 1492 1488 1790 1794 
1 4 1491 1483 1485 1482 
1 5 1491 1483 1485 1683 1681 
1 5 1491 1489 1486 359 357 
1 5 1491 1489 1490 824 818 
1 3 1495 2179 2176 
1 4 1495 527 532 1273 
1 3 1495 2179 293 
1 3 1495 527 526 
1 3 1497 1745 1746 
1 5 1500 466 464 465 1396 
1 5 1500 1499 549 537 548 
1 3 1504 806 1554 
1 3 1513 1508 2036 
1 7 1518 39 57 41 51 1470 1478 
1 5 1518 1520 1517 1522 1936 
1 2 1533 1535 
1 2 1535 1533 
1 5 1535 1064 1060 1058 10879 
1 5 1536 1546 1645 1648 1646 
1 4 1536 1545 1539 1353 
1 4 1536 1540 476 1279 
1 3 1547 1699 2163 
1 5 1554 792 1321 2193 2187 
1 3 1554 806 1504 
1 3 1554 792 1321 
1 4 1554 792 808 849 
1 2 1558 10572 
1 2 1558 10572 
1 2 1570 1562 
1 2 1562 1570 
1 4 1562 1570 1574 10756 
1 4 1562 1567 385 394 
1 4 1579 1045 1046 1886 
1 3 1579 1578 378 
1 3 1579 1577 1045 
1 7 1597 1617 91 88 95 89 1700 
1 3 1597 1617 91 
1 6 1619 1618 65 58 60 1925 
1 2 1619 2142 
1 4 1621 436 1237 437 
1 4 1621 436 435 1958 
1 5 1627 321 326 320 1967 
1 6 1627 321 326 1625 2174 2172 
1 5 1627 1344 1340 1345 1341 
1 6 1627 1624 325 1622 1626 992 
1 4 1628 969 277 10859 
1 5 1646 1648 1645 1546 1536 
1 5 1646 730 108 1748 1746 
1 2 1646 730 
1 2 1658 10990 
1 4 1655 1657 2063 2066 
1 4 1655 1660 1246 1242 
1 5 1661 573 2281 2274 2276 
1 2 1661 573 
1 2 1661 365 
1 2 1664 11137 
1 4 1665 32 28 1863 
1 5 1665 32 24 29 34 
1 5 1670 49 1706 1709 1705 
1 3 1676 1674 372 
1 3 1676 1674 1675 
1 4 1676 1674 372 373 
1 3 1675 1674 1676 
1 3 1675 1677 1479 
1 2 1675 2095 
1 5 1681 1683 1485 1483 1491 
1 6 1681 1683 1679 597 5 1794 
1 4 1681 1678 1687 593 
1 3 1689 1688 2203 
1 2 1696 1694 
1 2 1694 1696 
1 4 1694 1695 1698 1974 
1 2 1694 10751 
1 7 1700 89 95 88 91 1617 1597 
1 4 1700 1547 1699 2163 
1 3 1703 1098 1099 
1 8 1704 514 523 294 1875 1881 1868 1866 
1 8 1704 1423 1446 1433 1436 1468 164 154 
1 4 1704 514 523 295 
1 6 1704 514 523 525 517 518 
1 5 1705 1709 1706 49 1670 
1 2 1705 1936 
1 9 1722 1130 1137 53 38 54 1938 1705 1936 
1 3 1722 1134 1126 
1 3 1728 2255 2257 
1 5 1730 1731 1952 1951 1944 
1 3 1730 1697 2264 
1 4 1730 1731 1054 1048 
1 4 1735 1045 1046 1886 
1 3 1746 1745 1497 
1 5 1746 1748 108 730 1646 
1 5 1746 1745 1692 1688 2203 
1 4 1751 1259 1752 1860 
1 2 1751 1251 
1 3 1751 1285 1283 
1 7 1754 513 1200 1199 1756 1193 1203 
1 2 1754 513 
1 2 1754 910 
1 3 1771 874 42 
1 4 1771 860 873 861 
1 6 1771 860 871 1763 1770 10806 
1 4 1777 468 1998 2010 
1 6 1777 1785 1781 1786 1780 654 
1 2 1788 1859 
1 5 1788 1789 196 192 198 
1 8 1794 1790 1488 1492 1491 1483 1485 1482 
1 6 1794 5 597 1679 1683 1681 
1 2 1794 1 
1 2 1797 10753 
1 3 1796 1810 1065 
1 5 1796 1810 1804 1797 10753 
1 2 1812 10632 
1 2 1812 10632 
1 9 1814 559 566 562 552 122 128 123 2144 
1 2 1815 10754 
1 3 1818 1334 1332 
1 4 1818 1819 1820 10671 
1 3 1824 1828 1829 
1 3 1829 1828 1824 
1 5 1829 1245 1825 2212 2208 
1 2 1836 2216 
1 3 1840 1844 10731 
1 3 1845 1843 2219 
1 2 1859 1788 
1 13 1859 1788 1787 718 1007 1009 1014 1912 1911 1914 1911 1916 1912 
1 2 1859 1147 
1 4 1860 1752 1259 1751 
1 6 1860 1753 290 292 2263 2260 
1 3 1860 1753 290 
1 7 1863 28 32 1665 1663 1664 11137 
1 4 1863 28 32 1665 
1 2 1864 2180 
1 3 1864 200 202 
1 8 1866 1868 1881 1875 294 523 514 1704 
1 5 1866 1876 1006 2075 2077 
1 4 1886 1046 1045 1579 
1 4 1886 1046 1045 1735 
1 7 1886 1047 377 379 378 231 236 
1 8 1894 1895 324 1264 1263 1262 1210 2090 
1 5 1894 779 773 2171 2172 
1 3 1894 779 781 
1 4 1894 1895 590 582 
1 8 1907 1897 1900 1896 511 510 2166 2163 
1 5 1907 1898 262 1201 2225 
1 13 1912 1916 1911 1914 1918 1912 1014 1009 1007 718 1787 1788 1859 
1 7 1912 1014 1009 1007 1008 1013 720 
1 3 1912 1014 1009 
1 2 1920 1919 
1 5 1920 1921 1211 1213 1212 
1 3 1919 985 11046 
1 2 1919 1920 
1 2 1919 772 
1 6 1925 60 58 65 1618 1619 
1 3 1925 60 58 
1 5 1925 67 59 483 492 
1 2 1933 1934 
1 7 1933 1935 1934 1987 1989 1986 2221 
1 2 1934 1933 
1 2 1934 1987 
1 3 1934 1932 603 
1 4 1934 1935 994 993 
1 5 1936 1522 1517 1520 1518 
1 9 1936 1705 1938 54 38 53 1137 1130 1722 
1 2 1936 1705 
1 5 1936 1708 574 2278 2276 
1 7 1936 1522 1517 1530 1521 872 2100 
1 5 1944 1951 1952 1731 1730 
1 2 1959 1958 
1 4 1959 1145 1146 1145 
1 2 1958 1959 
1 4 1958 435 436 1621 
1 5 1958 435 438 1228 1226 
1 3 1958 435 434 
1 13 1958 1959 1145 1146 2038 2045 2044 2050 2044 2045 2038 2039 10699 
1 8 1961 1964 1963 1960 459 455 462 1977 
1 6 1961 1964 1960 1596 1603 381 
1 9 1961 1964 1960 459 456 461 458 1032 1027 
1 2 1966 2036 
1 5 1966 997 281 279 1350 
1 3 1966 997 281 
1 3 1966 997 996 
1 5 1967 1625 326 321 1627 
1 4 1967 1625 2174 2172 
1 3 1973 1970 10633 
1 3 1973 1972 283 
1 4 1974 1698 1695 1694 
1 8 1977 462 455 459 1960 1963 1964 1961 
1 8 1977 1982 1976 1978 1985 719 192 198 
1 4 1977 1983 913 924 
1 2 1989 1987 
1 3 1987 1989 1331 
1 2 1987 1989 
1 2 1987 1934 
1 3 1987 1988 2221 
1 3 1987 1988 1101 
1 2 1996 11121 
1 2 1992 481 
1 4 1992 481 482 2270 
1 2 1992 481 
1 2 1997 10503 
1 5 1997 237 238 239 1109 
1 3 2008 2000 2010 
1 3 2010 2003 2008 
1 4 2010 1998 468 1777 
1 4 2010 2001 2211 2208 
1 4 2010 1998 468 473 
1 9 2015 2020 14 13 23 12 17 1285 1283 
1 4 2015 2020 14 13 
1 3 2015 580 577 
1 3 2036 1508 1513 
1 2 2036 1966 
1 6 2036 1512 1505 1510 1514 2053 
1 2 2037 10583 
1 3 2037 2048 260 
1 4 2047 2049 2042 10699 
1 6 2053 1514 1510 1505 1512 2036 
1 9 2053 407 411 400 409 625 617 626 2216 
1 3 2053 407 411 
1 3 2061 2060 2260 
1 2 2066 10564 
1 4 2066 2063 1657 1655 
1 2 2067 2141 
1 5 2077 2075 1006 1876 1866 
1 6 2077 2079 2062 2061 2060 2260 
1 8 2090 1210 1262 1263 1264 324 1895 1894 
1 4 2090 2091 1261 1262 
1 2 2095 1675 
1 4 2095 2094 747 743 
1 5 2095 1675 1479 1481 688 
1 3 2100 2098 10574 
1 7 2100 872 1521 1530 1517 1522 1936 
1 4 2100 2099 423 418 
1 10 2115 2116 2126 2136 2106 2134 2112 2138 415 416 
1 2 2141 2067 
1 14 2141 1292 1309 1292 2141 1323 1324 1325 1327 1325 1324 1323 1324 1322 
1 2 2141 1292 
1 2 2142 440 
1 4 2142 440 442 1322 
1 2 2142 1619 
1 3 2142 850 2206 
1 9 2144 123 128 122 552 562 566 559 1814 
1 9 2144 1314 1303 1320 1312 1306 1296 1305 446 
1 5 2145 2151 2178 2177 2176 
1 7 2158 1221 1921 1920 1919 985 11046 
1 6 2158 1218 2156 1361 1376 1365 
1 3 2160 1106 1104 
1 3 2163 1699 1547 
1 4 2163 1699 1547 1700 
1 8 2163 2166 510 511 1896 1900 1897 1907 
1 6 2172 2174 1625 326 321 1627 
1 3 2172 1459 1461 
1 5 2172 2171 773 779 1894 
1 4 2172 2174 1625 1967 
1 3 2176 2179 1495 
1 5 2176 2177 2178 2151 2145 
1 6 2176 532 527 526 529 363 
1 2 2180 1864 
1 4 2180 1864 2218 2219 
1 3 2180 1205 1204 
1 3 2187 810 789 
1 6 2187 2193 2201 2190 2191 481 
1 5 2187 2193 1321 792 1554 
1 6 2181 796 2199 2191 2195 2270 
1 3 2203 1394 1396 
1 5 2203 1688 1692 1745 1746 
1 3 2203 1688 1689 
1 2 2205 2206 
1 2 2205 354 
1 4 2205 354 989 988 
1 2 2206 850 
1 2 2206 2205 
1 3 2206 850 2142 
1 2 2206 850 
1 4 2208 2213 2066 10564 
1 5 2208 2212 1825 1245 1829 
1 4 2208 2211 2001 2010 
1 10 2216 1276 240 241 247 1412 1417 759 1413 1411 
1 2 2216 1836 
1 9 2216 626 617 625 409 400 411 407 2053 
1 3 2216 1276 1278 
1 4 2216 626 617 624 
1 3 2220 2218 2219 
1 3 2219 2218 2220 
1 3 2219 1843 1845 
1 4 2219 2218 1864 2180 
1 6 2219 2218 2220 570 572 1204 
1 7 2221 1986 1989 1987 1934 1935 1933 
1 3 2221 1988 1987 
1 2 2221 1347 
1 2 2222 11105 
1 3 2222 77 79 
1 2 2226 2225 
1 2 2225 2226 
1 5 2225 1201 262 1898 1907 
1 2 2225 1191 
1 3 2225 1201 262 
1 3 2225 2227 10653 
1 4 2230 2232 737 733 
1 5 2230 1102 1100 1103 1101 
1 2 2239 10781 
1 3 2244 2243 10781 
1 3 2250 627 630 
1 5 2252 630 635 348 10775 
1 2 2252 630 
1 4 2252 2249 2254 1057 
1 3 2257 2255 1728 
1 2 2257 1035 
1 7 2260 2263 287 291 758 1415 1411 
1 3 2260 2060 2061 
1 6 2260 2263 292 290 1753 1860 
1 6 2260 2060 2061 2062 2079 2077 
1 2 2260 445 
1 4 2260 2060 1005 1001 
1 5 2264 1110 1108 396 1409 
1 3 2264 1697 1730 
1 5 2270 482 481 1992 11121 
1 6 2270 2265 2272 2268 2267 1398 
1 4 2270 482 481 1992 
1 6 2270 2195 2191 2199 796 2181 
1 6 2270 2266 2165 2164 2168 508 
1 5 2276 2274 1123 1122 10633 
1 5 2276 2274 2281 573 1661 
1 5 2276 2278 574 1708 1936 
1 4 6362 6369 7217 7220 
1 2 6364 10992 
1 3 6395 6410 6385 
1 3 6385 6410 6395 
1 5 6385 6415 6401 6391 7038 
1 9 6418 7068 7060 7079 7081 6419 7081 902 10719 
1 4 6429 6427 6426 6421 
1 2 6421 7036 
1 4 6421 6426 6427 6429 
1 10 6421 6426 6427 6429 6420 6430 6424 6687 6711 6681 
1 9 6436 6443 7261 7213 7325 7309 7339 7312 7341 
1 4 6459 6462 6596 6603 
1 3 6493 6498 6604 
1 7 6494 6497 6388 6400 6386 6401 7038 
1 3 6494 6491 6606 
1 3 6512 6800 6802 
1 7 6512 6800 6802 6408 6399 6797 6561 
1 10 6530 6704 6804 6803 6800 6802 6408 6399 6797 6561 
1 7 6561 6797 6399 6408 6802 6800 6512 
1 3 6561 6396 6799 
1 10 6561 6797 6399 6408 6802 6800 6803 6804 6704 6530 
1 18 6603 6601 7186 7195 7182 6969 7182 7194 6963 6980 6975 6986 6967 6992 6964 6993 6981 6991 
1 4 6603 6596 6462 6459 
1 3 6604 6498 6493 
1 2 6604 6807 
1 2 6606 6807 
1 3 6606 6491 6494 
1 8 6608 7281 7274 7284 7277 7282 7278 7286 
1 8 6608 6549 6558 6556 6608 6549 6559 6555 
1 8 6711 6681 6712 6731 6694 6727 6690 6665 
1 2 6711 6681 
1 2 6681 6711 
1 10 6681 6711 6687 6424 6430 6420 6429 6427 6426 6421 
1 6 6681 6731 6694 6727 6690 6665 
1 3 6802 6800 6512 
1 9 6799 6805 7039 6384 6407 6416 6392 6391 7038 
1 3 6799 6396 6561 
1 2 6809 10386 
1 2 6807 6604 
1 3 6807 6809 10386 
1 2 6807 6606 
1 11 6979 6966 6965 6972 6985 6970 6974 6964 6993 6981 6991 
1 9 6991 6973 6982 7181 7182 7181 7191 7179 7201 
1 11 6991 6981 6993 6964 6974 6970 6985 6972 6965 6966 6979 
1 18 6991 6981 6993 6964 6992 6967 6986 6975 6980 6963 7194 7182 6969 7182 7195 7186 6601 6603 
1 8 7024 7008 980 977 980 7014 966 10459 
1 2 7036 6421 
1 9 7038 6391 6392 6416 6407 6384 7039 6805 6799 
1 5 7038 6391 6401 6415 6385 
1 7 7038 6401 6386 6400 6388 6497 6494 
1 2 7079 10719 
1 2 7062 7355 
1 9 7201 7179 7191 7181 7182 7181 6982 6973 6991 
1 14 7176 665 658 7013 7018 684 7018 964 970 673 667 677 666 680 
1 4 7220 7217 6369 6362 
1 5 7220 7248 7267 7223 7230 
1 5 7230 7223 7267 7248 7220 
1 2 7230 10546 
1 8 7286 7278 7282 7277 7284 7274 7281 6608 
1 2 7341 7312 
1 9 7341 7312 7339 7309 7325 7213 7261 6443 6436 
1 2 7312 7341 
1 2 7357 10772 
1 2 7355 7062 
1 4 7355 7357 7356 10772 
1 2 8175 8176 
1 2 8176 8175 
1 2 8176 8505 
1 8 8176 9251 9246 8390 8386 8391 8388 9239 
1 3 8177 8182 8366 
1 2 8201 10440 
1 4 8196 8205 9294 9293 
1 2 8234 10434 
1 3 8232 9076 9074 
1 2 8240 8235 
1 2 8235 8240 
1 3 8235 9081 9079 
1 2 8268 10469 
1 3 8304 8311 9116 
1 5 8309 8315 8317 8303 10581 
1 11 8309 8315 8317 8305 8300 8314 8431 8427 8429 9118 9117 
1 6 8349 8348 8706 8710 8712 8713 
1 3 8366 8182 8177 
1 3 8366 8367 8937 
1 8 8366 8182 8185 8183 8346 8343 9034 9032 
1 4 8372 9289 9279 9285 
1 3 8372 9039 9030 
1 3 8375 8374 9003 
1 3 8385 8388 9239 
1 5 8430 8432 8429 9118 9117 
1 2 8430 9147 
1 2 8443 8447 
1 3 8447 8442 8463 
1 2 8447 8443 
1 3 8463 8442 8447 
1 2 8463 8465 
1 2 8465 8463 
1 3 8465 8460 9041 
1 3 8477 8704 8713 
1 3 8482 8483 8499 
1 4 8501 8503 8500 10469 
1 3 8499 8483 8482 
1 5 8499 8482 8481 9034 9032 
1 2 8505 9064 
1 3 8505 9064 10788 
1 2 8505 8176 
1 2 8505 9064 
1 4 8505 8176 9251 9248 
1 2 8590 9119 
1 2 8594 9117 
1 3 8591 8594 9117 
1 2 8600 9134 
1 3 8609 8608 8601 
1 3 8601 8608 8609 
1 3 8601 8610 9181 
1 3 8673 8799 8798 
1 3 8692 9245 9248 
1 2 8695 8761 
1 10 8695 9225 9226 9223 9226 9225 8695 9131 9128 9304 
1 6 8713 8712 8710 8706 8348 8349 
1 3 8713 8704 8477 
1 6 8713 8704 8477 9286 9275 9285 
1 2 8761 8695 
1 4 8761 8695 9225 9226 
1 3 8764 9167 9166 
1 3 8798 8799 8673 
1 6 8798 8799 8673 8676 8674 8867 
1 5 8798 8762 8695 9225 9226 
1 2 8798 9304 
1 3 8851 8854 8996 
1 6 8867 8674 8676 8673 8799 8798 
1 3 8867 8865 9141 
1 4 8926 8930 8374 9003 
1 3 8937 8367 8366 
1 4 8937 8934 8936 9166 
1 3 8996 8854 8851 
1 3 8996 9043 9041 
1 3 9003 8374 8375 
1 4 9003 8374 8930 8926 
1 7 9003 8377 8363 9136 9135 9138 9134 
1 2 9017 9018 
1 2 9018 9017 
1 3 9018 9295 9292 
1 7 9018 8445 8448 8444 8441 9043 9041 
1 3 9020 9026 8525 
1 6 9020 9027 9024 8591 8594 9117 
1 3 9030 9039 8372 
1 3 9030 9029 9032 
1 3 9032 9029 9030 
1 8 9032 9034 8343 8346 8183 8185 8182 8366 
1 5 9032 9034 8481 8482 8499 
1 10 9032 9029 9036 8341 8348 8479 9037 8478 9275 9285 
1 3 9041 8460 8465 
1 3 9041 9043 8996 
1 7 9041 9043 8441 8444 8448 8445 9018 
1 5 9045 9044 8767 8766 8765 
1 2 9045 9044 
1 2 9044 9045 
1 6 9044 9045 8240 8235 9081 9079 
1 2 9064 8505 
1 2 9064 8505 
1 2 9064 10788 
1 3 9074 9076 8232 
1 5 9074 9076 8232 9076 9075 
1 5 9075 9076 8232 9076 9074 
1 3 9075 9133 9128 
1 3 9079 9081 8235 
1 6 9079 9081 8235 8240 9045 9044 
1 4 9115 9241 9240 9239 
1 4 9115 9240 9186 9187 
1 3 9116 8311 8304 
1 3 9116 9118 9117 
1 2 9117 8594 
1 3 9117 9118 9116 
1 11 9117 9118 8429 8427 8431 8314 8300 8305 8317 8315 8309 
1 5 9117 9118 8429 8432 8430 
1 3 9117 8594 8591 
1 6 9117 8594 8591 9024 9027 9020 
1 2 9119 8590 
1 5 9119 8607 8602 8610 9181 
1 2 9131 11101 
1 2 9131 9128 
1 2 9128 9131 
1 3 9128 9133 9075 
1 2 9128 9304 
1 2 9134 8600 
1 7 9134 9138 9135 9136 8363 8377 9003 
1 3 9134 9168 9166 
1 3 9157 9156 9242 
1 3 9166 9167 8764 
1 4 9166 8936 8934 8937 
1 3 9166 9168 9134 
1 6 9166 9167 8764 8799 8798 9304 
1 3 9181 8610 8601 
1 5 9181 8610 8602 8607 9119 
1 6 9181 8608 9222 9224 9225 9226 
1 2 9223 9226 
1 2 9226 9223 
1 4 9226 9225 8695 8761 
1 5 9226 9225 8695 8762 8798 
1 6 9226 9225 9224 9222 8608 9181 
1 8 9239 8388 8391 8386 8390 9246 9248 8176 
1 3 9239 8388 8385 
1 4 9239 9240 9010 9015 
1 4 9239 9240 9241 9115 
1 3 9242 9156 9157 
1 3 9242 9243 10788 
1 3 9242 9243 10788 
1 3 9248 9245 8692 
1 4 9248 9251 8176 8505 
1 4 9285 9279 9289 8372 
1 6 9285 9275 9286 8477 8704 8713 
1 10 9285 9275 8478 9037 8479 8348 8341 9036 9029 9032 
1 3 9292 9295 9018 
1 2 9292 9293 
1 2 9293 9292 
1 3 9293 9296 10630 
1 4 9293 9294 8205 8196 
1 10 9304 9128 9131 8695 9225 9226 9223 9226 9225 8695 
1 2 9304 8798 
1 2 9304 9128 
1 6 9304 8798 8799 8764 9167 9166 
1 2 10199 10246 
1 2 10203 10787 
1 2 10200 10210 
1 3 10208 10209 10610 
1 3 10212 10220 10210 
1 3 10210 10220 10212 
1 6 10210 10206 10217 10219 10209 10610 
1 2 10210 10200 
1 2 10227 10474 
1 2 10227 10977 
1 2 10245 10244 
1 2 10244 10245 
1 2 10244 10246 
1 2 10244 10521 
1 2 10246 10244 
1 2 10246 10199 
1 2 10246 10657 
1 2 10271 10281 
1 4 10270 10271 10281 10280 
1 2 10276 10801 
1 2 10275 10285 
1 2 10281 10271 
1 2 10281 10280 
1 2 10280 10281 
1 4 10280 10281 10271 10270 
1 2 10280 10880 
1 2 10286 11074 
1 2 10285 10275 
1 4 10285 10288 10287 11081 
1 2 10379 10880 
1 3 10377 11045 10484 
1 2 10377 11045 
1 2 10386 6809 
1 3 10386 6809 6807 
1 2 10386 10382 
1 2 10382 10386 
1 3 10382 10384 10540 
1 2 10397 10622 
1 2 10397 11077 
1 2 10402 10749 
1 2 10400 11216 
1 2 10417 10419 
1 2 10417 10418 
1 4 10417 10418 10417 10419 
1 2 10418 10417 
1 3 10418 10417 10771 
1 2 10418 10419 
1 2 10418 10445 
1 2 10419 10417 
1 4 10419 10417 10418 10417 
1 2 10419 10418 
1 2 10434 10990 
1 2 10434 8234 
1 2 10439 10440 
1 2 10440 8201 
1 2 10440 10439 
1 2 10444 10590 
1 2 10445 10418 
1 2 10452 11151 
1 2 10452 10772 
1 6 10459 966 980 979 974 10625 
1 8 10459 966 7014 980 977 980 7008 7024 
1 4 10459 217 205 1355 
1 2 10463 10464 
1 2 10464 11128 
1 2 10464 10463 
1 2 10466 10482 
1 4 10469 8500 8503 8501 
1 2 10469 8268 
1 2 10474 10227 
1 2 10474 10958 
1 2 10474 10958 
1 2 10482 10466 
1 2 10482 10915 
1 3 10484 11045 10377 
1 2 10490 10789 
1 2 10490 11166 
1 2 10490 11219 
1 2 10493 10885 
1 2 10500 10956 
1 2 10501 10961 
1 2 10501 10961 
1 2 10503 1997 
1 2 10511 10949 
1 2 10511 10949 
1 2 10511 10918 
1 2 10512 10513 
1 2 10513 10512 
1 2 10513 11156 
1 2 10516 10663 
1 2 10516 302 
1 2 10517 10636 
1 2 10517 10636 
1 2 10521 10244 
1 2 10522 10959 
1 2 10533 10994 
1 2 10533 10534 
1 2 10534 10533 
1 2 10537 10717 
1 2 10539 10653 
1 3 10540 10384 10382 
1 3 10540 10383 11137 
1 2 10544 10986 
1 3 10544 10501 10961 
1 2 10546 7230 
1 3 10547 1844 10569 
1 2 10548 10963 
1 2 10549 238 
1 2 10549 10751 
1 2 10553 10554 
1 2 10554 10988 
1 2 10554 10553 
1 2 10558 10891 
1 2 10564 2066 
1 4 10564 2066 2213 2208 
1 2 10564 10867 
1 3 10569 1844 10547 
1 2 10569 11024 
1 2 10571 10775 
1 2 10571 344 
1 2 10572 1558 
1 2 10572 1558 
1 2 10573 10959 
1 3 10574 2098 2100 
1 2 10575 615 
1 4 10575 729 728 1328 
1 4 10575 615 616 726 
1 2 10575 615 
1 2 10576 10710 
1 5 10581 8303 8317 8315 8309 
1 2 10581 10684 
1 2 10583 2037 
1 2 10590 10444 
1 2 10590 10834 
1 2 10593 10786 
1 3 10596 306 302 
1 2 10600 10799 
1 2 10603 11019 
1 6 10610 10209 10219 10217 10206 10210 
1 3 10610 10209 10208 
1 2 10610 11001 
1 2 10615 441 
1 2 10619 10620 
1 3 10620 660 680 
1 2 10620 10619 
1 2 10622 10397 
1 2 10622 10980 
1 6 10625 974 979 980 966 10459 
1 2 10625 10859 
1 3 10630 9296 9293 
1 2 10632 1812 
1 2 10632 1812 
1 2 10632 689 
1 2 10633 10838 
1 2 10633 1122 
1 3 10633 1970 1973 
1 5 10633 1122 1123 2274 2276 
1 2 10633 1122 
1 2 10633 10838 
1 2 10634 10774 
1 2 10634 11121 
1 2 10636 10517 
1 2 10636 10517 
1 2 10639 10841 
1 2 10643 10992 
1 2 10652 10816 
1 2 10653 10539 
1 3 10653 2227 2225 
1 2 10657 11216 
1 2 10657 10246 
1 2 10658 10710 
1 2 10663 10516 
1 4 10671 1820 1819 1818 
1 5 10671 1820 1819 1815 10754 
1 2 10673 11203 
1 2 10674 10967 
1 2 10676 11005 
1 2 10679 10841 
1 2 10684 11044 
1 2 10684 10581 
1 2 10685 10926 
1 2 10691 10805 
1 13 10699 2039 2038 2045 2044 2050 2044 2045 2038 1146 1145 1959 1958 
1 4 10699 2042 2049 2047 
1 2 10708 11217 
1 2 10710 10576 
1 2 10710 10658 
1 2 10710 10806 
1 5 10717 890 887 908 877 
1 5 10717 886 906 897 10935 
1 2 10717 10537 
1 2 10719 7079 
1 9 10719 902 7081 6419 7081 7079 7060 7068 6418 
1 2 10724 10962 
1 2 10724 10962 
1 3 10731 1844 1840 
1 2 10731 1333 
1 2 10731 10754 
1 2 10732 11189 
1 2 10733 10989 
1 2 10733 10764 
1 2 10749 10402 
1 2 10750 11017 
1 2 10751 10549 
1 2 10751 1694 
1 2 10753 1797 
1 5 10753 1797 1804 1810 1796 
1 2 10754 1815 
1 5 10754 1815 1819 1820 10671 
1 3 10754 10569 11024 
1 2 10754 10731 
1 4 10756 1574 1570 1562 
1 2 10756 11080 
1 2 10764 11094 
1 2 10764 10733 
1 3 10771 10417 10418 
1 2 10771 10786 
1 2 10772 7357 
1 4 10772 7356 7357 7355 
1 2 10772 10452 
1 2 10774 10634 
1 2 10775 10571 
1 5 10775 348 635 630 2252 
1 2 10775 348 
1 3 10781 2243 2244 
1 7 10781 2243 2244 827 2241 838 832 
1 2 10781 2239 
1 3 10782 10685 10926 
1 2 10786 10593 
1 2 10786 10771 
1 2 10787 10203 
1 2 10787 11038 
1 3 10788 9243 9242 
1 3 10788 9243 9242 
1 3 10788 9064 8505 
1 2 10788 9064 
1 2 10789 10490 
1 2 10791 10801 
1 2 10799 10600 
1 2 10799 689 
1 2 10801 10276 
1 2 10801 10791 
1 2 10805 10691 
1 7 10806 1770 1758 1772 1765 1775 1440 
1 6 10806 1770 1763 871 860 1771 
1 2 10806 10710 
1 2 10808 11186 
1 2 10809 349 
1 2 10810 285 
1 2 10815 10959 
1 2 10816 10652 
1 2 10824 11019 
1 2 10826 10881 
1 2 10830 10851 
1 2 10830 10851 
1 2 10834 10590 
1 2 10838 10633 
1 2 10838 10633 
1 2 10838 285 
1 2 10841 10679 
1 2 10841 10639 
1 2 10851 11164 
1 2 10851 10830 
1 2 10851 10830 
1 2 10859 10625 
1 4 10859 277 969 1628 
1 3 10859 277 969 
1 2 10862 10984 
1 2 10867 10564 
1 2 10872 11126 
1 2 10872 11126 
1 5 10879 1058 1060 1064 1535 
1 2 10880 10280 
1 2 10880 10379 
1 2 10881 10826 
1 2 10885 10493 
1 2 10885 1401 
1 2 10891 10558 
1 2 10891 11029 
1 2 10900 11077 
1 2 10912 11156 
1 2 10915 10482 
1 2 10918 10511 
1 2 10920 11189 
1 2 10926 10685 
1 3 10926 10685 10782 
1 5 10935 897 906 886 10717 
1 2 10945 11189 
1 2 10946 11014 
1 2 10946 11077 
1 2 10949 10511 
1 2 10949 10511 
1 2 10951 11059 
1 2 10956 10500 
1 2 10958 10474 
1 2 10958 10474 
1 2 10959 10522 
1 2 10959 10815 
1 2 10959 10573 
1 2 10961 10501 
1 2 10961 10501 
1 3 10961 10501 10544 
1 2 10962 10724 
1 2 10962 10724 
1 2 10963 10548 
1 3 10963 10548 11116 
1 2 10966 11170 
1 2 10967 11170 
1 2 10967 10674 
1 2 10968 11085 
1 2 10969 10974 
1 2 10970 11210 
1 2 10972 11031 
1 2 10974 10969 
1 2 10974 11163 
1 2 10974 11028 
1 2 10974 11163 
1 2 10977 10227 
1 2 10980 10622 
1 2 10984 10862 
1 2 10986 10544 
1 2 10988 10554 
1 2 10989 10733 
1 2 10990 1658 
1 2 10990 10434 
1 2 10992 6364 
1 2 10992 10643 
1 2 10994 10533 
1 2 11001 10610 
1 2 11002 11031 
1 2 11005 10676 
1 2 11007 11088 
1 2 11009 11010 
1 2 11010 11009 
1 2 11014 10946 
1 2 11017 10750 
1 2 11019 10603 
1 2 11019 10824 
1 2 11024 10569 
1 2 11024 73 
1 3 11024 10569 10754 
1 2 11025 503 
1 8 11025 505 496 506 504 1174 1186 1180 
1 2 11028 10974 
1 2 11029 10891 
1 2 11029 10743 
1 2 11031 10972 
1 2 11031 11002 
1 2 11038 10787 
1 2 11040 11205 
1 2 11044 10684 
1 2 11045 10377 
1 2 11046 353 
1 2 11046 985 
1 3 11046 985 1919 
1 7 11046 985 1919 1920 1921 1221 2158 
1 2 11059 10951 
1 2 11074 999 
1 2 11074 10286 
1 2 11074 998 
1 2 11077 10397 
1 2 11077 10946 
1 2 11077 10900 
1 2 11080 10756 
1 4 11081 10287 10288 10285 
1 2 11083 895 
1 2 11085 10968 
1 2 11086 11131 
1 2 11088 11007 
1 2 11094 10764 
1 2 11101 9131 
1 2 11105 2222 
1 4 11105 1235 1229 1226 
1 3 11116 10548 10963 
1 4 11118 10830 10851 11164 
1 2 11121 10634 
1 2 11121 1996 
1 5 11121 1992 481 482 2270 
1 2 11125 11200 
1 2 11126 10872 
1 2 11126 10872 
1 2 11128 10464 
1 2 11131 11086 
1 2 11131 11183 
1 2 11137 1664 
1 3 11137 10383 10540 
1 7 11137 1664 1663 1665 32 28 1863 
1 2 11139 11201 
1 2 11151 10452 
1 2 11156 10513 
1 2 11156 10912 
1 2 11163 10974 
1 2 11163 11176 
1 2 11163 10974 
1 4 11164 10851 10830 11118 
1 2 11164 10851 
1 2 11166 10490 
1 2 11170 10966 
1 2 11170 10967 
1 2 11176 11163 
1 2 11183 11131 
1 2 11186 1040 
1 7 11186 1040 1041 230 236 232 784 
1 2 11186 1040 
1 2 11186 235 
1 2 11186 10808 
1 2 11189 10945 
1 2 11189 10732 
1 2 11189 10920 
1 2 11200 11125 
1 2 11201 11139 
1 2 11203 10673 
1 2 11205 11040 
1 2 11210 10970 
1 2 11216 10400 
1 2 11216 10657 
1 2 11217 10708 
1 2 11219 10490 
1 3 3931 2775 2774 
1 4 4142 3177 3174 3176 
1 4 3349 3541 3537 3539 
1 7 3348 3349 3541 3537 3539 4137 4138 
1 2 3348 4144 
1 6 4143 4144 3349 3541 3537 3539 
1 4 4144 3932 2434 2436 
1 2 4144 3348 
1 5 4144 4140 2431 2438 4085 
1 4 2295 2285 2493 2488 
1 7 2295 2289 2296 2305 2283 2304 2795 
1 3 2308 2312 3581 
1 3 2328 4104 4099 
1 6 2378 2665 2664 2667 2659 2662 
1 4 2391 2387 3415 3405 
1 2 2416 3856 
1 2 2421 2920 
1 2 2433 4086 
1 4 2436 2437 2528 2529 
1 4 2436 2434 3932 4144 
1 4 2460 3346 3340 3339 
1 2 2467 2845 
1 3 2468 3214 3210 
1 4 2488 2493 2285 2295 
1 4 2516 2514 2517 11022 
1 4 2523 2514 2517 11022 
1 2 2527 2529 
1 2 2529 2527 
1 4 2529 2528 2437 2436 
1 2 2529 2774 
1 2 2603 3096 
1 3 2628 2625 3122 
1 6 2662 2659 2667 2664 2665 2378 
1 2 2662 2898 
1 10 2662 2659 2667 2657 2378 2360 2376 2371 4194 4200 
1 2 2726 2725 
1 3 2725 2726 2845 
1 2 2725 2726 
1 5 2739 2309 2308 2312 3581 
1 4 2744 2742 3223 3221 
1 6 2762 3925 3922 3926 3922 3926 
1 3 2762 3925 3922 
1 2 2772 2774 
1 10 2774 2775 3933 4143 4144 3349 3541 3537 3539 4136 
1 2 2774 2772 
1 2 2774 2529 
1 3 2774 2775 3931 
1 11 2774 2773 3931 2434 2435 2437 2528 2529 2532 4079 4080 
1 4 2779 2424 2421 2920 
1 7 2795 2304 2283 2305 2296 2289 2295 
1 5 2795 2811 2797 3068 3063 
1 2 2824 4025 
1 31 2829 2826 2830 2835 3600 3582 3590 3591 3586 3595 3650 3656 3658 3648 2461 2465 2458 3141 3131 3138 2877 2875 2866 2870 2878 2873 2876 2860 2868 3485 3482 
1 3 2829 2826 3949 
1 2 2845 2467 
1 3 2845 2726 2725 
1 5 2847 2853 2846 3214 3210 
1 7 2847 2852 2720 2731 2732 4239 4241 
1 2 2881 2863 
1 2 2863 2881 
1 4 2863 4279 4285 4093 
1 2 2898 2662 
1 8 2898 2662 2661 3112 3109 3114 3119 3111 
1 2 2920 2421 
1 4 2920 2421 2424 2779 
1 7 2920 2421 2423 2779 2776 2778 3229 
1 3 2942 2943 3366 
1 3 2952 2955 3882 
1 11 2952 2958 2953 3585 3598 3587 2831 2835 2830 2826 3949 
1 5 3063 3065 2797 2811 2795 
1 7 3063 3065 3061 3066 3064 4101 4099 
1 3 3069 3548 3552 
1 3 3069 3072 3878 
1 6 3069 3077 3545 4232 4236 4229 
1 4 3082 4163 4176 4177 
1 2 3096 2603 
1 8 3111 3119 3114 3109 3112 2661 2662 2898 
1 3 3111 3119 3353 
1 3 3122 2625 2628 
1 4 3122 3123 3443 3444 
1 4 3138 3132 2517 11022 
1 4 3136 3335 3344 3339 
1 5 3163 3166 3169 3944 3945 
1 3 3176 2438 4085 
1 4 3176 3174 3177 4142 
1 2 3213 3210 
1 2 3210 3213 
1 3 3210 3214 2468 
1 5 3210 3214 2846 2853 2847 
1 6 3210 3213 3212 3211 2416 3856 
1 4 3221 3223 2742 2744 
1 3 3221 3512 3502 
1 6 3221 3219 3222 2829 2826 3949 
1 7 3229 2778 2776 2779 2423 2421 2920 
1 5 3229 3626 3613 3622 3629 
1 4 3339 3340 3346 2460 
1 4 3339 3344 3335 3136 
1 3 3339 3342 3436 
1 3 3353 3119 3111 
1 6 3353 3354 3102 3403 3424 3405 
1 4 3353 3563 3560 3564 
1 3 3366 2943 2942 
1 6 3366 2940 2942 3064 4101 4099 
1 4 3405 3415 2387 2391 
1 6 3405 3424 3403 3102 3354 3353 
1 4 3405 3420 3422 3861 
1 3 3436 3342 3339 
1 4 3436 3440 3347 3554 
1 8 3436 3342 3339 3345 4220 4214 4212 4213 
1 4 3444 3443 3123 3122 
1 2 3444 3856 
1 3 3473 3899 3897 
1 3 3472 3944 3945 
1 8 3475 4218 3997 4006 3994 4005 4002 4155 
1 3 3475 4218 4213 
1 31 3482 3485 2868 2860 2876 2873 2878 2870 2866 2875 2877 3138 3131 3141 2458 2465 2461 3648 3658 3656 3650 3595 3586 3591 3590 3582 3600 2835 2830 2826 2829 
1 4 3529 3534 3526 3910 
1 4 3539 3537 3541 3349 
1 2 3539 4136 
1 6 3539 3537 3541 3349 4144 4143 
1 2 3540 3581 
1 4 3554 3347 3440 3436 
1 3 3554 3439 4241 
1 4 3564 3560 3563 3353 
1 3 3581 2312 2308 
1 5 3581 2312 2308 2309 2739 
1 2 3581 3540 
1 4 3591 2959 3881 3882 
1 11 3628 3614 3633 3625 3713 3721 3716 3712 3723 3235 3240 
1 8 3628 3614 3633 3374 3713 3625 3713 3719 
1 2 3628 10882 
1 5 3629 3622 3613 3626 3229 
1 6 3629 3619 3632 3614 3628 10882 
1 5 3650 3595 3588 3881 3882 
1 5 3663 2941 3664 4104 4099 
1 7 3842 2769 2328 4108 2328 3914 3913 
1 8 3842 2764 2770 2757 3164 3169 3944 3945 
1 2 3855 3856 
1 2 3856 3855 
1 2 3856 2416 
1 6 3856 2416 3211 3212 3213 3210 
1 2 3856 3444 
1 4 3856 3855 4088 4085 
1 4 3861 3422 3420 3405 
1 6 3861 3865 2960 2957 3883 3882 
1 2 3876 11100 
1 2 3876 10477 
1 3 3878 3072 3069 
1 5 3878 3076 3074 3076 4295 
1 3 3882 2955 2952 
1 4 3882 3881 2959 3591 
1 5 3882 3881 3588 3595 3650 
1 6 3882 3883 2957 2960 3865 3861 
1 8 3882 3884 3654 3659 2459 2457 4215 4213 
1 3 3897 3899 3473 
1 2 3897 3904 
1 2 3904 3897 
1 6 3904 3898 3905 3472 3944 3945 
1 4 3910 3526 3534 3529 
1 3 3910 3532 4213 
1 7 3913 3914 2328 4108 2328 2769 3842 
1 5 3913 2328 4102 4106 4099 
1 2 3926 10506 
1 3 3926 3209 3207 
1 6 3926 3922 3926 3922 3925 2762 
1 4 3926 3922 3926 3922 
1 4 3922 3926 3922 3926 
1 3 3922 3925 2762 
1 5 3945 3944 3169 3166 3163 
1 3 3945 3944 3472 
1 8 3945 3944 3169 3164 2757 2770 2764 3842 
1 6 3945 3944 3472 3905 3898 3904 
1 12 3945 3944 3169 3166 3162 3877 3878 3072 3069 3074 3076 4295 
1 3 3949 2826 2829 
1 11 3949 2826 2830 2835 2831 3587 3598 3585 2953 2958 2952 
1 6 3949 2826 2829 3222 3219 3221 
1 4 4006 3997 4218 4213 
1 2 4025 2824 
1 5 4025 4028 3995 4002 4155 
1 11 4080 4079 2532 2529 2528 2437 2435 2434 3931 2773 2774 
1 2 4086 2433 
1 3 4086 4089 4085 
1 3 4085 4089 4086 
1 3 4085 2438 3176 
1 4 4085 4088 3855 3856 
1 5 4085 2438 2431 4140 4144 
1 2 4093 4281 
1 2 4093 4281 
1 4 4093 4285 4279 2863 
1 3 4099 4104 2328 
1 7 4099 4101 3064 3066 3061 3065 3063 
1 6 4099 4101 3064 2942 2940 3366 
1 5 4099 4104 3664 2941 3663 
1 5 4099 4106 4102 2328 3913 
1 5 4130 2525 3438 3439 4241 
1 2 4136 3539 
1 10 4136 3539 3537 3541 3349 4144 4143 3933 2775 2774 
1 3 4136 4137 4138 
1 3 4138 4137 4136 
1 7 4138 4137 3539 3537 3541 3349 3348 
1 8 4155 4002 4005 3994 4006 3997 4218 3475 
1 5 4155 4002 3995 4028 4025 
1 4 4177 4176 4163 3082 
1 8 4177 4167 4166 4175 3555 3554 3439 4241 
1 10 4200 4194 2371 2376 2360 2378 2657 2667 2659 2662 
1 8 4213 4212 4214 4220 3345 3339 3342 3436 
1 3 4213 4218 3475 
1 8 4213 4215 2457 2459 3659 3654 3884 3882 
1 3 4213 3532 3910 
1 4 4213 4218 3997 4006 
1 7 4241 4239 2732 2731 2720 2852 2847 
1 3 4241 4240 3554 
1 5 4241 3439 3438 2525 4130 
1 8 4241 4240 3554 3555 4175 4166 4167 4177 
1 2 4281 4093 
1 2 4281 4093 
1 2 4281 4284 
1 2 4284 4281 
1 5 4295 3078 3074 3076 3878 
1 12 4295 3078 3074 3069 3072 3878 3877 3162 3166 3169 3944 3945 
1 3 4295 3071 4042 
1 3 6308 6315 6322 
1 3 6322 6315 6308 
1 6 6322 6311 6316 6309 6324 7164 
1 9 6322 6311 6316 6309 7151 6957 6959 6953 6954 
1 2 6361 6650 
1 6 6361 6650 6662 6653 7124 7138 
1 3 6361 6349 6360 
1 3 6360 6349 6361 
1 3 6383 6370 10477 
1 2 6372 7170 
1 3 6476 6581 6562 
1 6 6476 6489 6482 6550 6551 6555 
1 6 6555 6551 6550 6482 6489 6476 
1 8 6555 6559 6549 6608 6556 6558 6549 6608 
1 3 6562 6581 6476 
1 33 6622 6627 6623 6621 6631 6621 6625 6620 6618 6629 6618 6626 7115 7135 7125 7138 7124 7133 6662 6646 6356 6348 6330 6353 6344 6355 6337 6347 6341 6343 6338 6350 7148 
1 4 6622 6630 6619 6628 
1 4 6628 6619 6630 6622 
1 11 6628 6625 6620 6618 6629 6618 6626 7115 7135 7125 7138 
1 19 6628 6625 6620 6618 6629 6618 6626 7109 7127 7139 7137 7116 7120 7114 7118 7113 7141 6690 6665 
1 2 6650 6361 
1 8 6665 6690 6727 6694 6731 6712 6681 6711 
1 19 6665 6690 7141 7113 7118 7114 7120 7116 7137 7139 7127 7109 6626 6618 6629 6618 6620 6625 6628 
1 6 6665 6690 6727 6694 6731 6681 
1 2 6778 6785 
1 2 6785 6778 
1 6 6785 6778 6771 6777 6374 7170 
1 2 6820 10762 
1 10 6822 6828 6376 6379 6376 6374 6777 6787 6776 6947 
1 2 6862 6861 
1 2 6861 6862 
1 3 6905 10374 10372 
1 4 6905 10374 10372 10373 
1 6 6910 6927 6905 10374 10372 10373 
1 6 6947 6776 6787 6777 6374 7170 
1 10 6947 6776 6787 6777 6374 6376 6379 6376 6828 6822 
1 46 6949 6947 6776 6787 6777 6374 6376 6379 6373 6381 6373 6379 2872 2879 6831 6814 6812 6832 6811 6830 6827 6830 6812 6822 6828 6376 6374 7170 7169 7170 6374 6777 6771 6778 6785 6767 6762 6772 7394 7398 7395 7393 7270 6846 6860 7269 
1 2 6949 7271 
1 3 6954 7046 7044 
1 9 6954 6953 6959 6957 7151 6309 6316 6311 6322 
1 3 7044 7046 6954 
1 6 7044 7043 7040 7371 7380 7359 
1 4 7120 7116 7110 7138 
1 4 7138 7110 7116 7120 
1 6 7138 7124 6653 6662 6650 6361 
1 11 7138 7125 7135 7115 6626 6618 6629 6618 6620 6625 6628 
1 6 7164 7151 6309 6316 6311 6322 
1 33 7148 6350 6338 6343 6341 6347 6337 6355 6344 6353 6330 6348 6356 6646 6662 7133 7124 7138 7125 7135 7115 6626 6618 6629 6618 6620 6625 6621 6631 6621 6623 6627 6622 
1 11 7169 7170 6374 6777 6771 6785 6764 6774 6792 6773 7300 
1 6 7170 6374 6777 6787 6776 6947 
1 6 7170 6374 6777 6771 6778 6785 
1 2 7170 6372 
1 46 7269 6860 6846 7270 7393 7395 7398 7394 6772 6762 6767 6785 6778 6771 6777 6374 7170 7169 7170 6374 6376 6828 6822 6812 6830 6827 6830 6812 6832 6812 6814 6831 2879 2872 6379 6373 6381 6373 6379 6376 6374 6777 6787 6776 6947 6949 
1 6 7269 6860 6846 6866 7270 7393 
1 2 7271 6949 
1 10 7300 6773 6747 6754 6747 6773 7300 6773 6747 6754 
1 2 7300 10762 
1 11 7300 6773 6792 6774 6764 6785 6771 6777 6374 7170 7169 
1 4 7300 6773 6747 6754 
1 6 7359 7380 7371 7040 7043 7044 
1 6 7393 7270 6866 6846 6860 7269 
1 3 10372 10374 6905 
1 4 10373 10372 10374 6905 
1 2 10373 10375 
1 6 10373 10372 10374 6905 6927 6910 
1 2 10375 10373 
1 2 10420 11092 
1 2 10421 10599 
1 2 10421 10599 
1 2 10422 10599 
1 2 10422 10599 
1 2 10435 10436 
1 2 10436 10435 
1 2 10436 11092 
1 2 10477 11100 
1 3 10477 6370 6383 
1 2 10477 3876 
1 2 10599 10422 
1 2 10599 10421 
1 2 10599 10421 
1 2 10599 10422 
1 2 10762 6820 
1 2 10762 11104 
1 2 10762 7300 
1 2 10882 3628 
1 6 10882 3628 3614 3632 3619 3629 
1 2 10930 11129 
1 4 11022 2517 2514 2516 
1 4 11022 2517 2514 2523 
1 4 11022 2517 3132 3138 
1 2 11090 11134 
1 2 11092 10420 
1 2 11092 10436 
1 2 11100 3876 
1 2 11100 10477 
1 2 11104 10762 
1 2 11109 11140 
1 2 11129 10930 
1 2 11134 11090 
1 2 11140 11109 
1 2 10976 10623 
1 2 10976 10831 
1 3 2318 2317 2823 
1 4 2409 2412 2950 2946 
1 2 2420 10813 
1 2 2419 2989 
1 2 2508 3236 
1 2 2507 4154 
1 3 2533 3146 3143 
1 2 2538 10727 
1 2 2610 2611 
1 2 2611 2610 
1 4 2611 2614 4098 4096 
1 3 2617 3937 3939 
1 4 2623 2617 3937 3939 
1 5 2649 2699 4070 4066 4068 
1 2 2689 10655 
1 3 2685 2688 10655 
1 8 2695 2696 2648 2649 2699 4070 4066 4068 
1 5 2717 2411 4276 4274 4273 
1 2 2756 4277 
1 3 2756 2754 4252 
1 3 2749 3927 3928 
1 6 2749 2751 3691 2753 4272 4273 
1 2 2819 2823 
1 2 2823 2819 
1 3 2823 2317 2318 
1 2 2823 3576 
1 3 2837 2841 3498 
1 8 2843 2840 3497 3501 3495 3494 4294 4293 
1 3 2843 2840 4243 
1 4 2946 2950 2412 2409 
1 4 2946 3204 3189 3205 
1 9 2946 2948 3192 3197 2414 2410 3547 3544 3552 
1 2 2985 10592 
1 3 2989 2987 10592 
1 2 2989 2419 
1 6 2989 2419 2418 4228 4237 4229 
1 4 3015 3011 3013 3236 
1 6 3015 3008 3005 3378 3716 3719 
1 2 3035 3038 
1 3 3038 3033 10700 
1 2 3038 3035 
1 2 3042 4249 
1 5 3058 3051 3699 3696 3969 
1 3 3058 3051 3699 
1 3 3058 4069 4068 
1 5 3058 3051 3699 3696 3968 
1 65 3058 3051 3699 3696 3129 3126 3125 3697 2327 3706 3711 3160 3708 3047 3781 3764 3806 3808 3776 3385 3390 3397 3386 3401 3394 3392 3400 5566 5568 5567 5310 5635 5634 5637 5633 5376 4378 5375 5377 6130 6134 6129 6132 5235 5246 6010 6007 6006 6011 6008 5244 5405 5404 5409 5642 5638 5939 5945 5535 6125 5572 5573 5574 5556 5327 
1 6 3055 3054 2652 4070 4066 4068 
1 5 3055 3056 3059 3055 3647 
1 3 3143 3146 2533 
1 5 3143 3146 2533 3146 3145 
1 5 3145 3146 2533 3146 3143 
1 2 3145 4118 
1 7 3145 4118 3144 4123 4288 4286 4290 
1 3 3195 3259 3276 
1 4 3205 3189 3204 2946 
1 4 3205 3196 4097 4096 
1 11 3240 3235 3715 3712 3716 3721 3713 3625 3633 3614 3628 
1 4 3240 3235 3715 3712 
1 4 3240 3233 3234 3236 
1 4 3236 3234 3233 3240 
1 2 3236 2508 
1 4 3236 3013 3004 3015 
1 5 3236 2508 2509 2420 10813 
1 2 3257 3486 
1 4 3255 3254 3257 3486 
1 4 3271 3261 3270 3276 
1 3 3276 3259 3195 
1 4 3276 3270 3261 3271 
1 5 3276 3262 3266 3275 4096 
1 6 3369 3372 3009 3725 3727 3725 
1 2 3460 4277 
1 8 3456 2686 3967 3963 3962 3966 2987 10592 
1 6 3456 3465 3461 2713 4237 4229 
1 2 3486 3257 
1 4 3486 3257 3254 3255 
1 2 3486 3488 
1 2 3488 3486 
1 4 3488 3487 4222 3682 
1 6 3488 3253 4110 4111 4109 4118 
1 3 3498 2841 2837 
1 7 3495 3500 3496 2610 2614 3267 4096 
1 4 3495 3494 4294 4293 
1 3 3552 3548 3069 
1 9 3552 3544 3547 2410 2414 3197 3192 2948 2946 
1 2 3576 2823 
1 3 3576 3578 4293 
1 2 3641 10695 
1 3 3642 3646 10695 
1 4 3691 2751 3930 3928 
1 4 3712 3723 3235 3240 
1 8 3719 3713 3625 3713 3374 3633 3614 3628 
1 6 3719 3716 3378 3005 3008 3015 
1 6 3725 3727 3725 3009 3372 3369 
1 3 3725 2507 4154 
1 3 3928 3927 2749 
1 4 3928 3930 2751 3691 
1 5 3928 3927 2749 2752 4249 
1 2 3937 3939 
1 5 3939 3936 2536 2538 10727 
1 2 3939 3937 
1 3 3939 3937 2617 
1 4 3939 3937 2617 2623 
1 2 3965 3962 
1 3 3962 3966 10592 
1 2 3962 3965 
1 6 4042 4031 3726 3725 2507 4154 
1 3 4042 3071 4295 
1 3 4068 4069 3058 
1 5 4068 4066 4070 2699 2649 
1 8 4068 4066 4070 2699 2649 2648 2696 2695 
1 6 4068 4066 4070 2652 3054 3055 
1 67 4068 4069 3058 3051 3699 3696 3129 3126 3125 3697 2327 3706 3711 3160 3708 3047 3781 3764 3806 3808 3776 3385 3390 3397 3386 3401 3394 3392 3400 5566 5568 5567 5310 5635 5634 5637 5633 5376 4378 5375 5377 6130 6134 6129 6132 5235 5246 6010 6007 6006 6011 6008 5244 5405 5404 5409 5642 5638 5939 5945 5535 6125 5572 5573 5574 5556 5327 
1 3 4068 4067 10783 
1 4 4096 4098 2614 2611 
1 5 4096 3275 3266 3262 3276 
1 4 4096 4097 3196 3205 
1 7 4096 3267 2614 2610 3496 3500 3495 
1 2 4118 3145 
1 6 4118 4109 4111 4110 3253 3488 
1 6 4118 3144 4123 4288 4286 4290 
1 2 4154 2507 
1 3 4154 2507 3725 
1 6 4154 2507 3725 3726 4031 4042 
1 4 4154 4149 4230 4229 
1 6 4229 4236 4232 3545 3077 3069 
1 6 4229 4237 4228 2418 2419 2989 
1 6 4229 4237 2713 3461 3465 3456 
1 4 4229 4230 4149 4154 
1 3 4243 2840 2843 
1 3 4243 4244 4293 
1 3 4252 2754 2756 
1 6 4249 4255 4252 2754 2756 4277 
1 2 4249 3042 
1 5 4249 2752 2749 3927 3928 
1 2 4261 11004 
1 3 4263 4265 10923 
1 2 4277 3460 
1 2 4277 2756 
1 6 4277 2756 2754 4252 4255 4249 
1 4 4277 3460 3462 10655 
1 6 4273 4272 2753 3691 2751 2749 
1 5 4273 4274 4276 2411 2717 
1 2 4289 4290 
1 2 4290 4289 
1 7 4290 4286 4288 4123 3144 4118 3145 
1 6 4290 4286 4288 4123 3144 4118 
1 8 4293 4294 3494 3495 3501 3497 2840 2843 
1 4 4293 4294 3494 3495 
1 3 4293 3578 3576 
1 3 4293 4244 4243 
1 4 10317 10313 10309 11114 
1 2 10311 10711 
1 2 10321 10545 
1 3 10320 10323 11097 
1 2 10336 10747 
1 4 10336 10344 10337 10341 
1 2 10336 11026 
1 3 10345 10337 10341 
1 3 10341 10337 10345 
1 4 10341 10337 10344 10336 
1 2 10347 10795 
1 2 10347 10795 
1 2 10348 10955 
1 2 10349 11000 
1 2 10351 10800 
1 2 10350 10507 
1 2 10403 10468 
1 2 10403 10468 
1 2 10428 10883 
1 2 10429 11030 
1 2 10429 10627 
1 2 10455 10560 
1 2 10456 10795 
1 2 10457 10559 
1 2 10468 10403 
1 2 10468 10496 
1 2 10468 10403 
1 2 10496 10468 
1 2 10496 10906 
1 2 10507 10350 
1 2 10507 10868 
1 2 10508 10613 
1 2 10508 10613 
1 2 10508 10666 
1 2 10523 10869 
1 2 10545 10321 
1 3 10545 10321 10666 
1 2 10559 10457 
1 2 10559 10948 
1 2 10560 10455 
1 2 10560 10948 
1 2 10562 10785 
1 3 10577 10429 11030 
1 2 10578 10716 
1 2 10579 10660 
1 2 10592 2985 
1 3 10592 2987 2989 
1 8 10592 2987 3966 3962 3963 3967 2686 3456 
1 3 10592 3966 3962 
1 2 10604 10784 
1 2 10612 10613 
1 2 10613 10508 
1 2 10613 10612 
1 2 10613 10508 
1 2 10614 10682 
1 2 10623 10976 
1 2 10624 11051 
1 2 10627 10429 
1 2 10655 2689 
1 3 10655 2689 11004 
1 4 10655 3462 3460 4277 
1 3 10655 2688 2685 
1 2 10660 10579 
1 2 10662 11110 
1 3 10666 10321 10545 
1 2 10666 10508 
1 2 10682 10614 
1 2 10694 10923 
1 2 10695 3641 
1 3 10695 3646 3642 
1 3 10700 3033 3038 
1 2 10711 10311 
1 2 10716 10578 
1 2 10716 11051 
1 2 10727 2538 
1 5 10727 2538 2536 3936 3939 
1 5 10727 2537 2535 2534 10785 
1 2 10730 10888 
1 2 10730 10747 
1 2 10739 10883 
1 2 10740 11114 
1 3 10741 10351 10800 
1 2 10747 10336 
1 2 10747 10730 
1 2 10757 11070 
1 2 10757 11070 
1 3 10783 4067 4068 
1 2 10784 10604 
1 3 10784 6155 6154 
1 2 10784 6154 
1 2 10785 10562 
1 5 10785 2534 2535 2537 10727 
1 2 10795 10347 
1 2 10795 10347 
1 2 10795 10456 
1 3 10795 10456 10905 
1 2 10800 10351 
1 3 10800 10351 10741 
1 2 10800 10868 
1 2 10813 2420 
1 5 10813 2420 2509 2508 3236 
1 2 10831 10976 
1 2 10831 11182 
1 2 10835 10871 
1 3 10847 10800 10868 
1 2 10855 10869 
1 2 10868 10507 
1 2 10868 11146 
1 2 10868 10800 
1 3 10868 10800 10847 
1 2 10869 10523 
1 2 10869 10855 
1 2 10871 11097 
1 2 10871 10835 
1 2 10883 10739 
1 2 10883 10428 
1 2 10888 10730 
1 3 10905 10456 10795 
1 2 10906 10496 
1 3 10923 4265 4263 
1 2 10923 10694 
1 2 10948 10560 
1 2 10948 10559 
1 2 10955 10348 
1 2 11000 10349 
1 2 11004 4261 
1 3 11004 2689 10655 
1 2 11016 11113 
1 2 11026 10336 
1 2 11030 10429 
1 3 11030 10429 10577 
1 2 11051 10716 
1 2 11051 10624 
1 2 11070 10757 
1 2 11070 10757 
1 3 11097 10323 10320 
1 2 11097 10871 
1 2 11110 10662 
1 2 11113 11016 
1 2 11114 10740 
1 4 11114 10309 10313 10317 
1 2 11146 10868 
1 2 11182 10831 
1 2 2405 2859 
1 4 2392 2681 2675 2683 
1 4 3022 3019 3171 3172 
1 3 3022 3019 3171 
1 3 3017 3023 5682 
1 4 3445 3391 3389 3386 
1 4 2323 2320 4161 4160 
1 3 2327 3706 3704 
1 2 2333 2332 
1 2 2332 2333 
1 4 2332 2333 3639 3637 
1 8 2332 2329 2601 2600 3958 3686 3979 3986 
1 2 2338 3703 
1 3 2350 2359 3703 
1 4 2445 2448 4211 4208 
1 3 2539 2548 4062 
1 3 2547 3683 3682 
1 5 2572 2570 2573 2974 2963 
1 3 2590 4223 4227 
1 2 2599 3278 
1 4 2604 4257 4260 4258 
1 4 2633 2632 3279 3278 
1 3 2640 3360 2783 
1 3 2674 2673 3829 
1 4 2683 2675 2681 2392 
1 8 2683 3760 3799 3771 3802 3784 3763 3768 
1 2 2701 2913 
1 3 2783 3360 2640 
1 3 2783 3360 3355 
1 2 2857 2858 
1 2 2858 2857 
1 5 2858 2857 2979 2983 2977 
1 4 2859 3350 3159 10454 
1 2 2859 3350 
1 2 2859 2405 
1 5 2859 3028 3022 3019 3171 
1 13 2891 2887 2893 2471 2893 2888 3735 3756 2892 2891 2887 2893 2471 
1 8 2891 2889 2896 3739 3755 3743 3738 3750 
1 4 2891 2886 4007 4008 
1 10 2891 2889 2896 3739 3755 3743 3738 3750 2556 11179 
1 7 2915 2916 2886 2894 2890 2893 2471 
1 2 2915 4012 
1 2 2913 2701 
1 2 2913 4082 
1 5 2963 2974 2573 2570 2572 
1 6 2963 2973 3793 3757 3763 3768 
1 2 2981 10506 
1 4 2977 2983 2981 10506 
1 5 2977 2983 2979 2857 2858 
1 4 2991 2634 3362 3355 
1 2 2995 3841 
1 7 2998 3290 3286 3295 3327 3312 3323 
1 3 2998 3000 3288 
1 2 3003 3130 
1 2 3047 3708 
1 4 3047 3708 3050 3046 
1 5 3047 3708 3705 3711 3704 
1 4 3046 3050 3708 3047 
1 4 3046 3705 3711 3704 
1 3 3060 3026 5682 
1 3 3126 3124 3647 
1 5 3126 3128 3670 4205 4208 
1 2 3130 3003 
1 3 3130 3872 3873 
1 6 3130 3872 3681 2590 4223 4227 
1 2 3150 10654 
1 6 3151 3813 3811 3815 3820 11214 
1 2 3159 3350 
1 3 3160 3711 3704 
1 4 3172 3171 3019 3022 
1 3 3171 3019 3022 
1 5 3171 3019 3022 3028 2859 
1 2 3171 4145 
1 5 3182 3178 3184 3226 3225 
1 7 3207 3206 4062 4053 2539 2548 4062 
1 3 3207 3209 3926 
1 8 3208 3207 3206 4062 4053 2539 2548 4062 
1 5 3225 3226 3184 3178 3182 
1 3 3225 4052 4064 
1 4 3278 3279 2632 2633 
1 2 3278 2599 
1 5 3278 3279 3635 3638 3637 
1 6 3278 2599 2593 2598 2606 4146 
1 4 3288 3289 3293 3832 
1 3 3288 3000 2998 
1 3 3283 3294 4292 
1 7 3323 3312 3327 3295 3286 3290 2998 
1 4 3318 3304 3566 3568 
1 2 3350 2859 
1 3 3350 3159 10454 
1 2 3350 3159 
1 3 3355 3360 2783 
1 4 3355 3362 2634 2991 
1 7 3355 3362 2634 2991 2992 4017 4021 
1 4 3392 3400 5566 5568 
1 6 3386 3401 3387 3400 5566 5568 
1 4 3386 3389 3391 3445 
1 4 3426 3435 3434 4160 
1 3 3489 3490 4160 
1 3 3502 3512 3221 
1 5 3502 3510 3511 4259 4258 
1 4 3517 3523 4162 4160 
1 2 3571 3568 
1 6 3568 3571 3565 3313 3332 10616 
1 2 3568 3571 
1 4 3568 3566 3304 3318 
1 7 3604 3608 3826 3831 3830 3829 3891 
1 5 3604 3611 3812 3817 4292 
1 4 3637 3639 2333 2332 
1 5 3637 3638 3635 3279 3278 
1 6 3637 3638 3636 3149 3158 3847 
1 5 3647 3055 3059 3056 3055 
1 3 3647 3124 3126 
1 6 3647 3124 3126 3129 3696 3968 
1 2 3669 4208 
1 4 3674 3671 4022 4021 
1 3 3682 3683 2547 
1 4 3682 4222 3487 3488 
1 2 3682 3679 
1 2 3679 3682 
1 3 3679 3680 3873 
1 4 3686 3958 3953 3952 
1 4 3695 3693 3694 4082 
1 2 3695 10814 
1 2 3694 4082 
1 3 3699 3051 3058 
1 3 3699 3696 3969 
1 4 3697 2327 3706 3704 
1 2 3703 2338 
1 3 3703 2359 2350 
1 2 3708 3047 
1 5 3704 3711 3705 3708 3047 
1 3 3704 3706 2327 
1 4 3704 3711 3705 3046 
1 3 3704 3711 3160 
1 4 3704 3706 2327 3697 
1 7 3704 3711 3705 3046 2970 2967 4267 
1 2 3773 10690 
1 8 3768 3763 3784 3802 3771 3799 3760 2683 
1 6 3768 3763 3757 3793 2973 2963 
1 5 3768 3763 3757 3762 4267 
1 6 3815 3822 3814 2324 4161 4160 
1 3 3815 3820 11214 
1 4 3819 3816 3823 11214 
1 4 3832 3293 3289 3288 
1 6 3832 3293 3825 3831 3830 3829 
1 6 3829 3830 3831 3825 3293 3832 
1 3 3829 2673 2674 
1 2 3829 3891 
1 8 3829 3830 3827 3833 3677 3676 3673 4021 
1 2 3836 10451 
1 2 3841 2995 
1 2 3841 3968 
1 5 3847 3158 3148 3150 10654 
1 6 3847 3158 3149 3636 3638 3637 
1 7 3847 3845 3853 3846 2630 4259 4258 
1 3 3873 3872 3130 
1 3 3873 3680 3679 
1 5 3873 3871 3869 3870 4125 
1 7 3891 3829 3830 3831 3826 3608 3604 
1 2 3891 3829 
1 4 3952 3953 3958 3686 
1 5 3952 3961 3951 2913 4082 
1 5 3969 3696 3699 3051 3058 
1 3 3969 3696 3699 
1 2 3969 3968 
1 5 3968 3696 3699 3051 3058 
1 2 3968 3969 
1 6 3968 3696 3129 3126 3124 3647 
1 2 3968 3841 
1 8 3986 3984 3686 3958 2600 2601 2329 2332 
1 4 4008 4007 2886 2891 
1 4 4008 2916 2915 4012 
1 2 4013 4012 
1 4 4012 2915 4083 4082 
1 2 4012 4013 
1 2 4012 2915 
1 6 4012 4014 2894 2890 2893 2471 
1 4 4012 2915 2916 4008 
1 7 4021 4017 2992 2991 2634 3362 3355 
1 4 4021 4022 3671 3674 
1 8 4021 3673 3676 3677 3833 3827 3830 3829 
1 7 4062 4053 2539 2548 4062 3206 3207 
1 3 4062 4053 2539 
1 8 4062 4053 2539 2548 4062 3206 3207 3208 
1 4 4062 2544 3870 4125 
1 3 4064 4052 3225 
1 4 4064 4049 4058 4125 
1 4 4082 4083 2915 4012 
1 4 4082 3694 3693 3695 
1 2 4082 2913 
1 2 4082 3694 
1 5 4082 2913 3951 3961 3952 
1 4 4091 4147 2606 4146 
1 4 4125 3870 2544 4062 
1 5 4125 3870 3869 3871 3873 
1 4 4125 4058 4049 4064 
1 7 4125 3870 3874 4127 4210 4206 4208 
1 5 4145 3170 3172 6193 6195 
1 2 4145 3171 
1 4 4145 3017 3026 5682 
1 6 4146 2606 2598 2593 2599 3278 
1 4 4146 2606 4147 4091 
1 6 4160 4161 2324 3814 3822 3815 
1 4 4160 4161 2320 2323 
1 4 4160 3434 3435 3426 
1 4 4160 4162 3523 3517 
1 3 4160 3490 3489 
1 4 4208 4211 2448 2445 
1 5 4208 4205 3670 3128 3126 
1 2 4208 3669 
1 7 4208 4206 4210 4127 3874 3870 4125 
1 3 4227 4223 2590 
1 6 4227 4223 2590 3681 3872 3130 
1 4 4258 4260 4257 2604 
1 5 4258 4259 3511 3510 3502 
1 7 4258 4259 2630 3846 3853 3845 3847 
1 5 4267 3762 3757 3763 3768 
1 7 4267 2967 2970 3046 3705 3711 3704 
1 3 4292 3294 3283 
1 5 4292 3817 3812 3611 3604 
1 5 4292 3819 3816 3823 11214 
1 4 4378 5991 5993 5989 
1 2 4658 5530 
1 3 5215 5528 5530 
1 8 5308 4657 4660 5533 5530 4658 5755 6152 
1 2 5308 5569 
1 2 5378 5632 
1 3 5376 5374 5632 
1 3 5416 6018 6013 
1 5 5416 5411 5418 5417 6186 
1 4 5530 5532 5216 6152 
1 2 5530 4658 
1 3 5530 5528 5215 
1 4 5568 5566 3400 3392 
1 6 5568 5566 3400 3387 3401 3386 
1 7 5568 5570 5568 5630 5636 5631 5632 
1 4 5568 5566 5571 5569 
1 4 5569 5571 5566 5568 
1 2 5569 5308 
1 3 5569 5685 5682 
1 3 5636 5631 5632 
1 2 5632 5378 
1 7 5632 5631 5636 5630 5568 5570 5568 
1 3 5632 5631 5636 
1 9 5632 5374 5376 5375 5377 6128 6130 6134 6129 
1 3 5632 5374 5376 
1 3 5682 3023 3017 
1 3 5682 3026 3060 
1 4 5682 3026 3017 4145 
1 3 5682 5685 5569 
1 3 5755 5216 6152 
1 5 5773 6019 6020 6015 6013 
1 2 5846 6013 
1 3 5989 5988 6129 
1 4 5989 5993 5991 4378 
1 3 5989 5988 4726 
1 3 6013 6018 5416 
1 5 6013 6015 6020 6019 5773 
1 2 6013 5846 
1 5 6126 6009 6010 6007 6006 
1 2 6126 6129 
1 2 6129 6126 
1 9 6129 6134 6130 6128 5377 5375 5376 5374 5632 
1 3 6129 5988 5989 
1 3 6152 5214 6023 
1 8 6152 5755 4658 5530 5533 4660 4657 5308 
1 4 6152 5216 5532 5530 
1 3 6152 5216 5755 
1 5 6195 6193 3172 3170 4145 
1 10 6754 6747 6773 7300 6773 6747 6754 6747 6773 7300 
1 4 6754 6747 6773 7300 
1 4 10405 10406 10407 10498 
1 2 10406 10814 
1 2 10406 10814 
1 2 10426 10498 
1 3 10426 10498 10582 
1 2 10426 10427 
1 2 10427 10654 
1 2 10427 10426 
1 3 10427 10426 10498 
1 2 10446 10817 
1 2 10446 10817 
1 2 10451 3836 
1 2 10451 10681 
1 4 10454 3159 3350 2859 
1 3 10454 3159 3350 
1 2 10498 10426 
1 4 10498 10407 10406 10405 
1 3 10498 10426 10427 
1 2 10498 10582 
1 2 10506 3926 
1 2 10506 2981 
1 4 10506 2981 2983 2977 
1 3 10582 10498 10426 
1 2 10582 10498 
1 6 10616 3332 3313 3565 3571 3568 
1 2 10654 3150 
1 5 10654 3150 3148 3158 3847 
1 2 10654 10427 
1 2 10681 10451 
1 2 10690 3773 
1 2 10814 10406 
1 2 10814 10406 
1 2 10814 11047 
1 2 10814 3695 
1 2 10817 10446 
1 2 10817 10446 
1 2 11047 10814 
1 3 11214 3820 3815 
1 6 11214 3820 3815 3811 3813 3151 
1 4 11214 3823 3816 3819 
1 5 11214 3823 3816 3819 4292 
1 2 5405 10557 
1 2 5405 4408 
1 2 5406 10557 
1 3 5406 5404 4408 
1 8 4408 5404 5409 5642 5638 5939 5945 5535 
1 3 4408 5405 5244 
1 2 4408 5405 
1 3 4408 5404 5406 
1 2 4296 5083 
1 3 4299 5867 5866 
1 5 4302 5913 4450 5910 10504 
1 2 4312 6012 
1 2 4312 6012 
1 13 4330 4319 4891 4901 4896 4894 4934 5226 5221 5227 4745 4740 4744 
1 5 4330 4319 4342 4899 4891 
1 5 4332 4895 4904 4892 4890 
1 2 4357 6041 
1 2 4377 4374 
1 2 4374 4377 
1 3 4374 6095 6096 
1 4 4391 4737 4732 4738 
1 8 4391 4388 4394 4384 5014 5947 5952 5948 
1 4 4400 4399 4396 5423 
1 5 4405 4785 4792 5879 5878 
1 2 4405 10823 
1 2 4407 10565 
1 2 4412 10715 
1 3 4415 4413 5873 
1 2 4415 10825 
1 2 4451 11039 
1 7 4427 4455 4421 4446 4435 5910 10504 
1 2 4471 5672 
1 4 4475 4524 5248 5249 
1 2 4483 5654 
1 2 4485 5302 
1 2 4492 11207 
1 3 4491 5798 5808 
1 3 4501 4500 6118 
1 4 4501 5031 5034 5027 
1 4 4502 4963 4596 4587 
1 5 4502 4940 4946 4952 4944 
1 2 4503 5539 
1 2 4505 5199 
1 7 4529 4540 4752 4754 5099 5101 5095 
1 6 4529 4509 4517 4536 4522 5249 
1 2 4546 10995 
1 6 4546 4547 5318 5325 5321 4807 
1 3 4543 5318 5325 
1 8 4543 5318 5325 5321 5319 4805 5114 5131 
1 3 4543 5324 5317 
1 3 4558 4552 4559 
1 3 4558 4551 5661 
1 3 4559 4552 4558 
1 5 4562 4563 5300 5298 10472 
1 3 4562 5296 5297 
1 4 4571 5898 4576 5894 
1 4 4582 4581 6180 6179 
1 4 4587 4971 4947 4502 
1 3 4590 4586 5653 
1 2 4598 10892 
1 3 4599 4601 5995 
1 6 4603 6261 6239 6216 6233 4997 
1 6 4606 4607 6167 6164 6171 6164 
1 4 4615 5386 5383 5152 
1 2 4627 10538 
1 2 4629 10538 
1 5 4639 4637 5841 4763 4765 
1 3 4656 4651 10649 
1 4 4642 4655 4648 10849 
1 2 4666 6109 
1 4 4672 5510 5507 5512 
1 2 4671 10638 
1 4 4671 4668 4669 6086 
1 4 4677 5859 5864 5855 
1 4 4691 5975 6298 6293 
1 2 4703 11112 
1 3 4704 4700 11112 
1 3 4709 4714 6090 
1 5 4716 4355 4363 4982 4981 
1 5 4726 4728 4731 5604 5600 
1 3 4726 5988 5989 
1 4 4738 4732 4737 4391 
1 4 4738 4734 5427 5388 
1 13 4744 4740 4745 5227 5221 4749 4934 4894 4896 4901 4891 4319 4330 
1 3 4739 4745 5223 
1 3 4750 6053 6049 
1 5 4757 4760 4497 5800 10588 
1 2 4761 6063 
1 3 4762 4765 5075 
1 2 4765 5075 
1 5 4765 4763 5841 4637 4639 
1 2 4767 5973 
1 4 4776 5450 4780 5886 
1 2 4780 5886 
1 4 4788 4790 4784 5808 
1 2 4788 10823 
1 3 4789 5877 5878 
1 5 4798 4799 4796 5022 5023 
1 2 4806 6142 
1 6 4807 5321 5325 5318 4547 4546 
1 5 4822 4823 4827 4816 4826 
1 5 4826 4816 4827 4823 4822 
1 4 4826 4838 4992 4989 
1 2 4853 5072 
1 3 4866 4871 4872 
1 3 4872 4871 4866 
1 6 4872 4758 4756 4488 4492 11207 
1 3 4877 5761 5759 
1 4 4881 4886 6069 5247 
1 5 4891 4899 4891 4319 4330 
1 10 4891 4901 4896 4894 4934 5226 5221 5225 5227 5223 
1 8 4891 4901 4896 4897 4902 4903 4528 5645 
1 5 4890 4892 4904 4895 4332 
1 3 4890 5644 5645 
1 3 4913 4919 5250 
1 2 4934 5226 
1 5 4934 4893 4898 4893 4934 
1 5 4934 4893 4898 4893 4934 
1 4 4934 4935 4528 5645 
1 3 4944 6094 6096 
1 5 4944 4952 4946 4940 4502 
1 2 4938 5180 
1 4 4974 5030 5183 5180 
1 2 4981 6063 
1 5 4981 4982 4363 4355 4716 
1 2 4985 4989 
1 2 4989 4985 
1 4 4989 4992 4838 4826 
1 2 4989 10746 
1 2 4995 4996 
1 2 4996 4995 
1 4 4996 4995 4483 5654 
1 8 4997 6266 6278 6227 6267 6254 6250 6262 
1 6 4997 6233 6216 6239 6261 4603 
1 3 5004 5242 5245 
1 2 5010 6085 
1 3 5009 5008 6048 
1 2 5017 5947 
1 3 5017 5016 5018 
1 3 5018 5016 5017 
1 6 5018 5016 4634 4627 4633 10538 
1 5 5023 5022 4796 4799 4798 
1 3 5023 5021 5832 
1 4 5027 5034 5031 4501 
1 5 5027 5033 5766 4975 5765 
1 2 5040 5043 
1 3 5040 5036 5267 
1 2 5043 5040 
1 4 5043 5035 5044 5759 
1 4 5049 5055 5809 5813 
1 4 5058 5061 5066 10504 
1 2 5069 5501 
1 2 5072 4853 
1 4 5072 5070 5648 5645 
1 3 5075 4765 4762 
1 2 5075 4765 
1 3 5075 4312 6012 
1 2 5083 4296 
1 2 5083 5835 
1 4 5080 6149 6150 6151 
1 3 5089 5695 5696 
1 7 5095 5101 5099 4754 4752 4540 4529 
1 7 5095 5093 5098 5092 5091 5581 5586 
1 6 5102 5105 5085 5090 6022 6023 
1 3 5102 5021 5832 
1 2 5123 10491 
1 8 5131 5114 4805 5319 5321 5325 5318 4543 
1 8 5137 4371 5137 4353 4722 4716 4717 6181 
1 3 5137 4927 5432 
1 2 5141 5539 
1 6 5141 5142 5139 5140 6296 6293 
1 3 5138 5537 5538 
1 4 5152 5383 5386 4615 
1 5 5152 5157 5382 5384 5925 
1 4 5174 4298 5868 5866 
1 4 5180 5183 5030 4974 
1 2 5180 4938 
1 3 5193 5194 5808 
1 3 5202 5344 5337 
1 2 5199 4505 
1 5 5199 4504 5200 4506 5687 
1 5 5210 5205 5210 6004 5999 
1 6 5218 5217 5219 5924 5922 5923 
1 3 5218 5217 5832 
1 2 5226 4934 
1 10 5223 5227 5225 5221 4749 4934 4894 4896 4901 4891 
1 8 5223 4746 5582 5584 5587 5580 6145 6141 
1 3 5223 4745 4739 
1 5 5223 5222 5228 5590 5586 
1 10 5244 5405 5404 5409 5642 5638 5939 5945 5535 6125 
1 3 5244 5405 4408 
1 4 5245 5239 5243 6006 
1 3 5245 5242 5004 
1 2 5247 6068 
1 4 5247 6069 4886 4881 
1 6 5249 4522 4536 4517 4509 4529 
1 4 5249 5248 4524 4475 
1 3 5250 4919 4913 
1 5 5250 4924 4922 4927 5432 
1 5 5255 5256 5265 5251 6041 
1 3 5267 5036 5040 
1 3 5277 5760 5756 
1 4 5270 5276 5734 5733 
1 5 5270 4876 4880 5657 5813 
1 3 5290 5278 5286 
1 3 5286 5278 5290 
1 7 5286 5294 5282 6303 4481 6302 6300 
1 2 5298 10472 
1 3 5297 5296 4562 
1 2 5297 5316 
1 2 5301 5302 
1 2 5302 5301 
1 4 5302 4545 4548 6099 
1 3 5302 5301 6061 
1 2 5302 4485 
1 2 5313 6300 
1 2 5314 10491 
1 2 5316 6151 
1 2 5316 6151 
1 2 5316 5297 
1 3 5325 5318 4543 
1 2 5317 6099 
1 3 5317 5324 4543 
1 2 5326 5327 
1 2 5327 5326 
1 65 5327 5556 5574 5573 5572 6125 5535 5945 5939 5638 5642 5409 5404 5405 5244 6008 6011 6006 6007 6010 5246 5235 6132 6129 6134 6130 5377 5375 4378 5376 5633 5637 5634 5635 5310 5567 5568 5566 3400 3392 3394 3401 3386 3397 3390 3385 3776 3808 3806 3764 3781 3047 3708 3160 3711 3706 2327 3697 3125 3126 3129 3696 3699 3051 3058 
1 67 5327 5556 5574 5573 5572 6125 5535 5945 5939 5638 5642 5409 5404 5405 5244 6008 6011 6006 6007 6010 5246 5235 6132 6129 6134 6130 5377 5375 4378 5376 5633 5637 5634 5635 5310 5567 5568 5566 3400 3392 3394 3401 3386 3397 3390 3385 3776 3808 3806 3764 3781 3047 3708 3160 3711 3706 2327 3697 3125 3126 3129 3696 3699 3051 3058 4069 4068 
1 2 5327 5556 
1 2 5328 6179 
1 3 5337 5344 5202 
1 2 5342 5504 
1 2 5351 5834 
1 6 5359 5352 5927 5936 5932 5429 
1 5 5366 5364 5904 5891 5894 
1 4 5388 5427 4734 4738 
1 3 5388 5935 5925 
1 4 5391 5213 5206 5999 
1 8 5391 5213 5424 5423 4396 4399 5983 5985 
1 2 5398 10692 
1 2 5397 10728 
1 4 5423 5424 5206 5999 
1 4 5423 4396 4399 4400 
1 6 5429 5932 5936 5927 5352 5359 
1 7 5429 5426 5427 5388 5933 5926 5925 
1 5 5432 4927 4922 4924 5250 
1 3 5432 4927 5137 
1 4 5432 4568 4576 5894 
1 5 5438 5439 4462 4467 5672 
1 2 5449 10491 
1 3 5451 5453 5923 
1 3 5456 5594 5592 
1 3 5464 6114 6118 
1 5 5501 5069 6173 6175 6174 
1 2 5501 5069 
1 2 5504 5342 
1 6 5504 5204 5198 5200 4506 5687 
1 4 5512 5507 5510 4672 
1 2 5512 5508 
1 2 5508 5512 
1 3 5508 5514 10766 
1 2 5515 6174 
1 6 5526 5522 4900 4890 5644 5645 
1 8 5535 5945 5939 5638 5642 5409 5404 4408 
1 2 5534 6125 
1 2 5539 4503 
1 2 5539 5141 
1 3 5539 5537 5538 
1 3 5538 5537 5539 
1 3 5538 6283 6282 
1 3 5538 5537 5138 
1 6 5538 5146 5143 6297 4767 5973 
1 5 5541 5339 5543 5503 6282 
1 2 5547 6096 
1 5 5553 5551 5593 5595 5592 
1 2 5557 5556 
1 2 5556 5557 
1 2 5556 6030 
1 2 5556 5327 
1 5 5563 5560 5220 5217 5832 
1 2 5577 6125 
1 4 5574 5572 5577 6125 
1 18 5574 5573 5572 6125 5535 5945 5939 5638 5642 5409 5404 5405 5244 6008 6011 6006 6007 6006 
1 5 5588 5580 5587 5579 5586 
1 5 5586 5579 5587 5580 5588 
1 5 5586 5579 5589 5585 6141 
1 7 5586 5581 5091 5092 5098 5093 5095 
1 5 5586 5590 5228 5222 5223 
1 3 5592 5594 5456 
1 5 5592 5595 5593 5551 5553 
1 3 5592 5595 5985 
1 2 5600 6186 
1 5 5600 5604 4731 4728 4726 
1 3 5608 5605 5822 
1 3 5620 5624 6124 
1 2 5638 5939 
1 5 5643 5639 5642 5638 5939 
1 8 5645 4528 4903 4902 4897 4896 4901 4891 
1 9 5645 5648 5070 5072 5073 4513 4542 4526 6262 
1 4 5645 4528 4935 4934 
1 3 5645 5644 4890 
1 4 5645 5648 5070 5072 
1 6 5645 5644 4890 4900 5522 5526 
1 3 5650 5651 5653 
1 3 5653 5651 5650 
1 3 5653 4586 4590 
1 4 5653 5649 5703 5706 
1 2 5654 4483 
1 6 5654 4483 4487 4481 6302 6300 
1 4 5654 4483 4995 4996 
1 2 5654 6061 
1 3 5655 5743 5733 
1 3 5659 5665 5661 
1 3 5661 4551 4558 
1 3 5661 5665 5659 
1 6 5661 5669 5698 5692 5694 5696 
1 3 5672 6039 6038 
1 2 5672 4471 
1 5 5672 4467 4462 5439 5438 
1 5 5673 4370 4345 4364 6041 
1 3 5674 5675 6012 
1 2 5678 5779 
1 4 5687 5506 5503 6282 
1 5 5687 4506 5200 4504 5199 
1 6 5687 4506 5200 5198 5204 5504 
1 3 5691 4761 6063 
1 4 5696 5693 6022 6023 
1 3 5696 5695 5089 
1 6 5696 5694 5692 5698 5669 5661 
1 5 5706 5704 5690 6064 6181 
1 4 5706 5703 5649 5653 
1 4 5721 5726 5728 6021 
1 5 5718 5721 5726 5728 6021 
1 6 5733 5734 5276 5268 5273 6086 
1 4 5733 5734 5276 5270 
1 3 5733 5743 5655 
1 3 5756 5760 5277 
1 2 5756 5759 
1 2 5759 5756 
1 3 5759 5761 4877 
1 4 5759 5044 5035 5043 
1 6 5759 5761 4877 4878 5657 5813 
1 6 5765 4975 5766 5028 4500 6118 
1 5 5765 4975 5766 5033 5027 
1 11 5779 5678 5676 5917 5909 5906 5916 4301 4309 5918 10504 
1 2 5779 6179 
1 2 5779 5678 
1 2 5785 6169 
1 4 5783 5784 5298 10472 
1 2 5800 10588 
1 6 5800 5713 5727 5717 5719 6021 
1 4 5808 4784 4790 4788 
1 6 5808 4787 5193 6040 6036 6038 
1 3 5808 5798 4491 
1 3 5808 5194 5193 
1 4 5813 5809 5055 5049 
1 5 5813 5657 4880 4876 5270 
1 6 5813 5657 4878 4877 5761 5759 
1 3 5820 5819 6287 
1 3 5822 5605 5608 
1 4 5822 5609 5614 5948 
1 3 5832 5021 5023 
1 3 5832 5217 5218 
1 3 5832 5021 5102 
1 5 5832 5217 5220 5560 5563 
1 5 5832 5023 5924 5922 5923 
1 2 5834 5351 
1 3 5834 5547 6096 
1 5 5838 5837 4764 5836 5835 
1 2 5835 5083 
1 5 5835 5836 4764 5837 5838 
1 4 5855 5864 5859 4677 
1 6 5855 5863 4600 5876 5871 5873 
1 3 5865 5787 6164 
1 4 5866 5517 6284 6282 
1 3 5866 5867 4299 
1 4 5866 5868 4298 5174 
1 4 5872 5874 6159 6169 
1 3 5873 4413 4415 
1 6 5873 5871 5876 4600 5863 5855 
1 5 5878 5879 4792 4785 4405 
1 3 5878 5877 4789 
1 4 5886 4780 5450 4776 
1 2 5886 4780 
1 6 5886 4780 5450 5452 5453 5923 
1 6 5894 5891 5364 5365 5370 6038 
1 4 5894 4576 5898 4571 
1 4 5894 4576 4568 5432 
1 5 5894 5891 5904 5364 5366 
1 5 5917 5676 5678 5779 6179 
1 6 5923 5453 5452 4776 4775 6287 
1 6 5923 4803 5451 6183 6190 6186 
1 6 5923 5922 5924 5219 5217 5218 
1 3 5923 5453 5451 
1 6 5923 5453 5452 5450 4780 5886 
1 5 5923 5922 5924 5023 5832 
1 6 5925 4665 4667 4664 4666 6109 
1 5 5925 5384 5382 5157 5152 
1 7 5925 5926 5933 5388 5427 5426 5429 
1 3 5925 5935 5388 
1 2 5939 5638 
1 5 5939 5638 5642 5639 5643 
1 3 5939 5945 5942 
1 3 5942 5945 5939 
1 4 5942 5944 4663 6109 
1 2 5947 5017 
1 8 5948 5952 5947 5014 4384 4394 4388 4391 
1 4 5948 5611 5609 5822 
1 8 5953 5958 5953 5955 5704 5690 6064 6181 
1 4 5965 6177 5617 6178 
1 2 5973 4767 
1 6 5973 4767 6297 5143 5146 5538 
1 5 5982 4697 4705 4701 10776 
1 8 5985 5983 4399 4396 5423 5424 5213 5391 
1 3 5985 5595 5592 
1 2 5995 10524 
1 3 5995 4601 4599 
1 7 5999 5206 5213 5391 5394 6123 6124 
1 5 5999 6004 5210 5205 5210 
1 4 5999 5206 5213 5391 
1 4 5999 5206 5424 5423 
1 5 6006 6007 6010 6009 6126 
1 3 6006 5243 6006 
1 3 6006 5243 6006 
1 4 6006 5243 5239 5245 
1 18 6006 6007 6006 6011 6008 5244 5405 5404 5409 5642 5638 5939 5945 5535 6125 5572 5573 5574 
1 2 6012 4312 
1 3 6012 5675 5674 
1 2 6012 4312 
1 3 6012 4312 5075 
1 4 6021 5728 5726 5721 
1 5 6021 5728 5726 5721 5718 
1 6 6021 5719 5717 5727 5713 5800 
1 3 6023 5214 6152 
1 6 6023 6022 5090 5085 5105 5102 
1 4 6023 6022 5693 5696 
1 6 6030 5575 5574 5573 5577 6125 
1 2 6030 5556 
1 3 6038 6039 5672 
1 6 6038 6036 6040 5193 4787 5808 
1 6 6038 5370 5365 5364 5891 5894 
1 2 6041 4357 
1 5 6041 5251 5265 5256 5255 
1 5 6041 4364 4345 4370 5673 
1 3 6047 6044 6048 
1 4 6048 5008 5010 6085 
1 3 6048 6044 6047 
1 3 6048 5008 5009 
1 7 6049 6052 6055 6176 5962 6176 6178 
1 3 6049 6053 4750 
1 2 6060 6057 
1 2 6057 6060 
1 5 6057 6060 6056 6067 6068 
1 3 6061 5301 5302 
1 2 6061 5654 
1 2 6063 4761 
1 2 6063 4981 
1 3 6063 4761 5691 
1 5 6068 6067 6056 6060 6057 
1 3 6068 6095 6096 
1 2 6068 5247 
1 2 6079 6077 
1 2 6077 6079 
1 4 6077 6078 4693 10776 
1 2 6085 5010 
1 4 6085 5010 5008 6048 
1 4 6085 6087 6084 6086 
1 4 6086 6084 6087 6085 
1 4 6086 4669 4668 4671 
1 6 6086 5273 5268 5276 5734 5733 
1 6 6090 6091 6088 5869 6172 6174 
1 3 6090 4714 4709 
1 3 6096 4948 4944 
1 3 6096 6095 6068 
1 3 6096 6095 4374 
1 2 6096 5547 
1 3 6096 5547 5834 
1 4 6099 4548 4545 5302 
1 2 6099 5317 
1 4 6109 6102 5536 6125 
1 2 6109 4666 
1 4 6109 4663 5944 5942 
1 6 6109 4666 4664 4667 4665 5925 
1 3 6118 4500 4501 
1 3 6118 6114 5464 
1 6 6118 5763 5028 5766 4975 5765 
1 7 6124 6123 5394 5391 5213 5206 5999 
1 6 6124 6123 5625 5616 5331 6179 
1 7 6124 6122 6210 6198 6215 6203 6208 
1 3 6124 5624 5620 
1 10 6125 5535 5945 5939 5638 5642 5409 5404 5405 5244 
1 2 6125 5577 
1 6 6125 5577 5573 5574 5575 6030 
1 4 6125 5577 5572 5574 
1 4 6125 5536 6102 6109 
1 2 6125 5534 
1 2 6142 4806 
1 8 6141 6145 5580 5587 5584 5582 4746 5223 
1 5 6141 5585 5589 5579 5586 
1 2 6151 5316 
1 5 6151 5316 5297 5298 10472 
1 4 6151 6150 4296 5080 
1 2 6151 5316 
1 3 6154 6155 10784 
1 2 6154 10784 
1 4 6169 6159 5874 5872 
1 2 6169 5785 
1 3 6169 5785 10629 
1 6 6164 5789 5786 5782 5790 10472 
1 6 6164 6171 6164 6167 4607 4606 
1 3 6164 5787 5865 
1 6 6174 6172 5869 6088 6091 6090 
1 5 6174 4771 5515 6284 6282 
1 5 6174 6175 6173 5069 5501 
1 2 6174 5515 
1 7 6178 6176 5962 6176 6055 6052 6049 
1 7 6178 5617 5621 5619 5616 5331 6179 
1 4 6178 5617 6177 5965 
1 7 6179 5331 5616 5619 5621 5617 6178 
1 6 6179 5331 5616 5625 6123 6124 
1 4 6179 6180 4581 4582 
1 2 6179 5328 
1 2 6179 5779 
1 5 6179 5779 5678 5676 5917 
1 8 6181 4717 4716 4722 4353 5137 4371 5137 
1 5 6181 6064 5690 5704 5706 
1 8 6181 6064 5690 5704 5955 5953 5958 5953 
1 5 6186 5417 5418 5411 5416 
1 2 6186 5600 
1 6 6186 6190 6183 5451 4803 5923 
1 7 6208 6203 6215 6198 6210 6122 6124 
1 8 6262 6250 6254 6267 6227 6278 6266 4997 
1 9 6262 4526 4542 4513 5073 5072 5070 5648 5645 
1 5 6282 6284 5515 4771 6174 
1 5 6282 5503 5543 5339 5541 
1 3 6282 6283 5538 
1 4 6282 5503 5506 5687 
1 4 6282 6284 5517 5866 
1 3 6287 5819 5820 
1 6 6287 4775 4776 5452 5453 5923 
1 6 6293 6296 5140 5139 5142 5141 
1 4 6293 6298 5975 4691 
1 2 6300 5313 
1 6 6300 6302 4481 4487 4483 5654 
1 7 6300 6302 4481 6303 5282 5294 5286 
1 12 7519 7954 7981 8130 8099 8131 8112 8115 8123 8126 8081 8137 
1 21 7519 7954 7999 7951 7978 7943 7980 7932 7968 7961 7984 7958 7933 7967 7994 7948 7955 7973 7963 7977 7939 
1 4 7552 7564 7559 7546 
1 4 7546 7560 7843 7834 
1 4 7546 7559 7564 7552 
1 8 7546 7560 7843 7834 7843 7830 7722 7718 
1 8 7718 7722 7830 7843 7834 7843 7560 7546 
1 4 7834 7843 7560 7546 
1 7 7834 7839 7826 7836 7832 7833 7837 
1 23 7837 7842 7824 7840 7446 7448 7475 7452 7487 7460 7447 7484 7444 7480 7457 7469 7457 7480 7486 7443 7483 7902 7889 
1 7 7837 7833 7832 7836 7826 7839 7834 
1 16 7837 7842 7824 7840 7446 7448 7475 7452 7487 7460 7447 7484 7444 7480 7457 7469 
1 5 7837 7833 7841 8021 8015 
1 7 7974 7962 7955 7947 7963 7977 7939 
1 7 7939 7977 7963 7947 7955 7962 7974 
1 21 7939 7977 7963 7973 7955 7948 7994 7967 7933 7958 7984 7961 7968 7932 7980 7943 7978 7951 7999 7954 7519 
1 5 8015 8021 7828 7833 7837 
1 3 8108 8101 8152 
1 12 8137 8081 8126 8123 8115 8112 8131 8099 8130 7981 7954 7519 
1 2 8152 10478 
1 2 8152 10802 
1 3 8152 8101 8108 
1 2 8152 10478 
1 3 9326 9323 9325 
1 3 9325 9323 9326 
1 4 9325 9321 9327 9639 
1 4 9334 9901 9906 9904 
1 3 9346 9492 9490 
1 4 9390 9393 9452 9453 
1 3 9395 9388 9814 
1 4 9453 9452 9393 9390 
1 2 9453 9451 
1 2 9451 9453 
1 3 9451 9586 9587 
1 4 9488 9491 9489 9639 
1 3 9490 9492 9346 
1 4 9490 9495 9489 9639 
1 11 9490 9495 9489 9639 9327 9318 9326 9323 10088 10087 10090 
1 6 9521 9525 9691 9686 9689 9687 
1 2 9548 9546 
1 2 9546 9548 
1 4 9546 9548 9549 9607 
1 3 9560 10107 10100 
1 3 9587 9586 9451 
1 2 9587 9598 
1 2 9598 9587 
1 5 9598 9587 9586 10109 10110 
1 3 9609 9629 9631 
1 4 9607 9549 9548 9546 
1 4 9607 9901 9906 9904 
1 5 9613 9345 9349 9345 9759 
1 4 9613 9345 9759 9929 
1 7 9613 9350 9342 9344 9615 9996 9997 
1 3 9631 9629 9609 
1 4 9631 9630 9635 9625 
1 4 9625 9635 9630 9631 
1 5 9625 10101 10106 10104 10100 
1 4 9639 9489 9491 9488 
1 4 9639 9327 9321 9325 
1 4 9639 9489 9495 9490 
1 6 9639 9641 9638 10169 10173 10168 
1 6 9687 9689 9686 9691 9525 9521 
1 2 9687 10110 
1 3 9768 9985 9358 
1 2 9768 9985 
1 3 9814 9388 9395 
1 2 9814 9909 
1 3 9831 9835 10110 
1 3 9867 9986 9985 
1 4 9904 9903 9901 9334 
1 4 9904 9903 9901 9607 
1 8 9904 9906 9336 9333 9625 10103 10107 10100 
1 4 9904 9903 10081 10083 
1 3 9910 9911 9909 
1 3 9909 9911 9910 
1 2 9909 9814 
1 3 9909 10079 10083 
1 4 9909 10079 10082 10156 
1 2 9985 9358 
1 2 9985 9768 
1 3 9985 9986 9867 
1 5 9985 9768 9765 10104 10100 
1 3 9985 9358 10122 
1 7 9997 9996 9615 9344 9342 9350 9613 
1 6 9997 9996 9690 9831 9835 10110 
1 3 10043 10045 10090 
1 3 10071 10069 10070 
1 3 10070 10069 10071 
1 4 10070 9584 10171 10168 
1 2 10075 10078 
1 2 10078 10075 
1 4 10078 9550 10080 10083 
1 4 10083 10081 9903 9904 
1 3 10083 10079 9909 
1 4 10083 10080 9550 10078 
1 4 10083 10079 10082 10156 
1 2 10087 10090 
1 2 10090 10087 
1 11 10090 10087 10088 9323 9326 9318 9327 9639 9489 9495 9490 
1 3 10090 10045 10043 
1 3 10100 10107 9560 
1 5 10100 10104 10106 10101 9625 
1 8 10100 10107 10103 9625 9333 9336 9906 9904 
1 5 10100 10104 9765 9768 9985 
1 2 10110 9687 
1 5 10110 10109 9586 9587 9598 
1 3 10110 9835 9831 
1 6 10110 9835 9831 9690 9996 9997 
1 7 10110 9835 9832 9833 9900 10157 10156 
1 6 10110 10109 9586 9587 9598 10168 
1 4 10156 10082 10079 9909 
1 7 10156 10157 9900 9833 9832 9835 10110 
1 4 10156 10082 10079 10083 
1 6 10168 10173 10169 9638 9641 9639 
1 4 10168 10171 9584 10070 
1 6 10168 9598 9587 9586 10109 10110 
1 2 10387 10833 
1 2 10391 10748 
1 3 10432 10433 10650 
1 2 10433 10650 
1 2 10433 10650 
1 2 10438 11158 
1 2 10447 10683 
1 2 10472 5298 
1 6 10472 5790 5782 5786 5789 6164 
1 4 10472 5298 5784 5783 
1 5 10472 5298 5297 5316 6151 
1 5 10472 5298 5300 4563 4562 
1 2 10478 10973 
1 2 10478 8152 
1 2 10478 8152 
1 2 10491 5449 
1 2 10491 5123 
1 2 10491 5314 
1 7 10504 5910 4435 4446 4421 4455 4427 
1 5 10504 5910 4450 5913 4302 
1 4 10504 5066 5061 5058 
1 11 10504 5918 4309 4301 5916 5906 5909 5917 5676 5678 5779 
1 4 10524 4632 4629 10538 
1 2 10524 5995 
1 2 10524 10767 
1 2 10529 10849 
1 3 10530 10529 10849 
1 2 10538 4627 
1 2 10538 4629 
1 6 10538 4633 4627 4634 5016 5018 
1 4 10538 4629 4632 10524 
1 2 10556 10979 
1 2 10565 4407 
1 2 10565 10823 
1 2 10585 10638 
1 2 10587 11063 
1 2 10587 10938 
1 2 10588 5800 
1 5 10588 5800 4497 4760 4757 
1 2 10601 10836 
1 2 10618 11006 
1 3 10629 5785 6169 
1 2 10638 10585 
1 2 10638 4671 
1 2 10642 11091 
1 2 10648 11117 
1 3 10649 4651 4656 
1 2 10650 10433 
1 3 10650 10433 10432 
1 2 10650 10433 
1 2 10661 11207 
1 2 10665 10840 
1 2 10665 11155 
1 2 10669 11037 
1 2 10670 11013 
1 2 10670 11013 
1 2 10683 10447 
1 2 10687 10919 
1 2 10687 10919 
1 2 10692 5398 
1 2 10692 10728 
1 2 10693 10728 
1 2 10696 11161 
1 2 10715 4412 
1 2 10728 10693 
1 2 10728 10692 
1 2 10728 5397 
1 2 10746 4989 
1 2 10748 10391 
1 2 10748 10761 
1 2 10748 10833 
1 2 10755 10836 
1 2 10761 10748 
1 3 10766 5514 5508 
1 2 10767 10524 
1 5 10776 4701 4705 4697 5982 
1 4 10776 4693 6078 6077 
1 2 10779 10811 
1 2 10802 8152 
1 2 10803 11154 
1 2 10804 11158 
1 2 10811 10779 
1 2 10821 10973 
1 2 10823 10565 
1 2 10823 4788 
1 2 10823 4405 
1 2 10825 4415 
1 2 10828 11204 
1 2 10833 10387 
1 2 10833 10748 
1 2 10836 10601 
1 2 10836 10755 
1 2 10840 11084 
1 3 10840 11084 11124 
1 2 10840 10665 
1 3 10849 10529 10530 
1 2 10849 10529 
1 4 10849 4648 4655 4642 
1 2 10852 10911 
1 2 10853 11095 
1 2 10875 10983 
1 2 10892 4598 
1 2 10911 10852 
1 2 10919 10687 
1 2 10919 10687 
1 2 10938 11155 
1 2 10938 10587 
1 2 10947 11037 
1 2 10973 10478 
1 2 10973 10821 
1 2 10979 10556 
1 2 10983 10875 
1 2 10985 11035 
1 2 10995 4546 
1 2 11006 10618 
1 2 11013 10670 
1 2 11013 10670 
1 2 11034 11122 
1 2 11035 10985 
1 2 11035 11122 
1 2 11037 10947 
1 2 11037 10669 
1 2 11039 4451 
1 2 11052 11215 
1 2 11053 11158 
1 2 11063 10587 
1 2 11084 10840 
1 2 11091 10642 
1 2 11095 10853 
1 2 11112 4703 
1 3 11112 4700 4704 
1 2 11117 10648 
1 2 11122 11034 
1 2 11122 11035 
1 3 11124 11084 10840 
1 2 11130 11161 
1 2 11154 10803 
1 2 11155 10665 
1 2 11155 10938 
1 2 11158 11053 
1 2 11158 10438 
1 2 11158 10804 
1 2 11161 11204 
1 2 11161 10696 
1 2 11161 11130 
1 2 11204 10828 
1 2 11204 11161 
1 2 11207 4492 
1 6 11207 4492 4488 4756 4758 4872 
1 2 11207 10661 
1 2 11215 11052 
1 3 9941 9945 10115 
1 2 9572 9574 
1 2 9574 9572 
1 3 9574 9572 10085 
1 4 9898 9484 9486 9485 
1 2 2326 11179 
1 4 2326 2556 3750 3728 
1 3 2326 2557 11179 
1 2 2380 3241 
1 6 2380 3992 3241 2380 3452 3450 
1 3 2380 3452 3450 
1 2 2479 10525 
1 6 2471 2482 2476 2474 2479 10525 
1 7 2471 2893 2890 2894 2886 2916 2915 
1 13 2471 2893 2887 2891 2892 3756 3735 2888 2893 2471 2893 2887 2891 
1 6 2471 2893 2890 2894 4014 4012 
1 2 2550 2553 
1 2 2553 2550 
1 4 2553 2562 2556 11179 
1 3 2936 2931 10586 
1 8 2936 2926 2927 2938 3449 3453 4076 4073 
1 2 2934 10586 
1 2 3232 3230 
1 2 3230 3232 
1 4 3230 3231 3452 3450 
1 2 3241 2380 
1 3 3241 3992 3990 
1 2 3448 3450 
1 2 3450 3448 
1 6 3450 3452 2380 3241 3992 2380 
1 3 3450 3452 2380 
1 4 3450 3452 3231 3230 
1 4 3728 3750 2556 2326 
1 8 3750 3738 3743 3755 3739 2896 2889 2891 
1 3 3750 2556 11179 
1 5 3990 3991 2474 2479 10525 
1 3 3990 3992 3241 
1 3 4072 4077 4073 
1 3 4073 4077 4072 
1 8 4073 4076 3453 3449 2938 2927 2926 2936 
1 2 7105 7107 
1 2 7107 7105 
1 2 7298 7294 
1 2 7294 7298 
1 5 9328 10051 10048 10049 10046 
1 5 9328 9329 10137 10141 10138 
1 4 9332 9786 9790 9789 
1 2 9340 10035 
1 2 9337 10151 
1 7 9351 9460 9877 9464 9809 9802 9938 
1 4 9353 9694 9701 9693 
1 3 9358 9985 9768 
1 2 9358 9985 
1 3 9358 9363 10122 
1 4 9370 9372 9380 9864 
1 4 9382 9384 10162 10163 
1 3 9409 9399 9403 
1 3 9403 9399 9409 
1 3 9403 9407 9448 
1 3 9419 9973 9972 
1 4 9426 9429 9425 10112 
1 3 9439 9433 9446 
1 3 9446 9433 9439 
1 4 9446 9431 9444 9498 
1 9 9446 9433 9438 9860 9851 9857 9854 9859 9977 
1 2 9447 9842 
1 3 9448 9407 9403 
1 2 9448 9778 
1 4 9469 9462 9801 9807 
1 2 9485 9841 
1 4 9485 9486 9484 9898 
1 3 9499 9497 9498 
1 3 9498 9497 9499 
1 4 9498 9444 9431 9446 
1 3 9498 9501 9848 
1 2 9503 9502 
1 2 9502 9503 
1 6 9502 9505 9981 9978 9975 9977 
1 5 9512 9511 9948 9517 9949 
1 2 9519 9993 
1 2 9519 9993 
1 2 9532 9530 
1 2 9530 9532 
1 4 9530 9532 9680 10723 
1 3 9554 9551 9553 
1 3 9553 9551 9554 
1 4 9553 9932 9935 9929 
1 3 9565 9569 10163 
1 4 9581 9580 9603 9606 
1 6 9592 9594 9387 9384 10162 10163 
1 2 9596 9899 
1 6 9596 10092 10097 10093 10094 10543 
1 3 9606 9519 9993 
1 4 9606 9603 9580 9581 
1 5 9622 9623 10024 9888 9892 
1 6 9636 10147 10146 9847 9912 9915 
1 3 9636 10149 10145 
1 2 9645 9644 
1 3 9644 9647 10964 
1 2 9644 9645 
1 2 9652 9656 
1 2 9656 9652 
1 4 9656 9652 9650 10606 
1 5 9658 9662 9951 10148 10145 
1 2 9669 10408 
1 4 9668 9677 10158 10964 
1 3 9684 9683 9881 
1 9 9684 10143 9659 9664 9657 9695 9694 9702 10198 
1 4 9693 9701 9694 9353 
1 5 9693 9699 10139 10144 10138 
1 3 9738 9734 10981 
1 8 9747 9457 9471 9459 9478 9810 9798 9807 
1 5 9759 9345 9349 9345 9613 
1 2 9759 9929 
1 2 9761 10127 
1 3 9761 10132 10902 
1 2 9764 10154 
1 2 9789 9892 
1 4 9789 9790 9786 9332 
1 2 9778 9448 
1 5 9778 9777 9793 9774 10476 
1 3 9797 9796 10160 
1 7 9807 9799 9811 9600 9606 9519 9993 
1 4 9807 9801 9462 9469 
1 8 9807 9798 9810 9478 9459 9471 9457 9747 
1 3 9837 9596 9899 
1 2 9841 9485 
1 3 9841 9840 9839 
1 3 9839 9840 9841 
1 2 9839 9899 
1 2 9843 9842 
1 2 9842 9843 
1 2 9842 9447 
1 4 9842 9843 9842 10035 
1 6 9846 9845 9499 9497 9501 9848 
1 6 9848 9501 9497 9499 9845 9846 
1 3 9848 9501 9498 
1 3 9848 9916 9915 
1 2 9851 9857 
1 2 9857 9851 
1 4 9857 9854 9859 9977 
1 4 9864 9380 9372 9370 
1 3 9864 9883 9890 
1 6 9876 9874 10197 10052 10062 10055 
1 3 9881 9683 9684 
1 3 9881 9882 9895 
1 2 9892 9789 
1 5 9892 9888 10024 9623 9622 
1 5 9892 9889 9894 9887 10036 
1 3 9890 9883 9864 
1 7 9890 9884 9864 9865 9863 9971 10036 
1 3 9895 9882 9881 
1 4 9895 9896 9535 10046 
1 2 9899 9596 
1 3 9899 9596 9837 
1 2 9899 9839 
1 3 9899 9967 9970 
1 6 9915 9912 9847 10146 10147 9636 
1 3 9915 9916 9848 
1 3 9924 9966 9953 
1 2 9927 9929 
1 2 9929 9927 
1 4 9929 9759 9345 9613 
1 2 9929 9759 
1 4 9929 9935 9932 9553 
1 5 9929 9935 9760 9552 10112 
1 3 9939 9937 9938 
1 2 9938 10059 
1 3 9938 9937 9939 
1 7 9938 9802 9809 9464 9877 9460 9351 
1 8 9946 10007 10031 9703 9621 10025 10020 10002 
1 5 9949 9517 9948 9511 9512 
1 3 9949 9914 10145 
1 5 9958 9960 9568 9569 10163 
1 3 9953 9966 9924 
1 5 9953 9965 9976 9980 9977 
1 3 9969 9967 9970 
1 3 9970 9967 9969 
1 3 9970 9967 9899 
1 4 9970 9863 9971 10036 
1 3 9972 9973 9419 
1 3 9972 10119 10122 
1 9 9977 9859 9854 9857 9851 9860 9438 9433 9446 
1 6 9977 9975 9978 9981 9505 9502 
1 4 9977 9859 9854 9857 
1 5 9977 9980 9976 9965 9953 
1 2 9993 9519 
1 2 9993 9519 
1 3 9993 9519 9606 
1 7 9993 9519 9606 9600 9811 9799 9807 
1 3 9993 9990 9994 
1 3 9994 9990 9993 
1 3 9994 9991 10131 
1 2 10028 10981 
1 8 10002 10020 10025 9621 9703 10031 10007 9946 
1 5 10002 10026 10181 10185 10179 
1 2 10035 9340 
1 4 10035 9842 9843 9842 
1 2 10035 10127 
1 5 10036 9887 9894 9889 9892 
1 7 10036 9971 9863 9865 9864 9884 9890 
1 4 10036 9971 9863 9970 
1 11 10036 9887 9893 9894 9889 9892 9789 9783 9793 9774 10476 
1 2 10049 10046 
1 5 10046 10049 10048 10051 9328 
1 2 10046 10049 
1 4 10046 9535 9896 9895 
1 2 10059 9938 
1 4 10059 10061 10054 10055 
1 4 10055 10054 10061 10059 
1 6 10055 10062 10052 10197 9874 9876 
1 2 10055 10138 
1 2 10085 10153 
1 3 10085 9572 9574 
1 2 10085 10153 
1 2 10093 10094 
1 2 10094 10093 
1 2 10094 10543 
1 4 10112 9425 9429 9426 
1 5 10112 9552 9760 9935 9929 
1 4 10112 9556 9555 10163 
1 3 10115 9945 9941 
1 4 10115 10117 10114 10151 
1 3 10122 9363 9358 
1 3 10122 10119 9972 
1 4 10122 10119 9972 10161 
1 3 10122 9358 9985 
1 2 10127 9761 
1 2 10127 10035 
1 4 10127 10124 9337 10151 
1 3 10131 9991 9994 
1 4 10131 10129 10132 10902 
1 2 10142 11123 
1 5 10138 10141 10137 9329 9328 
1 5 10138 10144 10139 9699 9693 
1 2 10138 10055 
1 5 10138 10141 10140 10142 11123 
1 2 10146 10145 
1 2 10145 10146 
1 5 10145 10148 9951 9662 9658 
1 3 10145 10149 9636 
1 3 10145 9914 9949 
1 4 10145 10149 9636 10160 
1 2 10153 10085 
1 2 10153 10085 
1 4 10153 10152 10114 10151 
1 4 10151 10114 10152 10153 
1 2 10151 9337 
1 4 10151 9337 10124 10127 
1 4 10151 10114 10117 10115 
1 2 10154 9764 
1 2 10154 10161 
1 3 10160 9796 9797 
1 4 10160 9636 10149 10145 
1 8 10160 10159 10160 9636 10147 9646 9647 10964 
1 2 10161 10154 
1 4 10161 9972 10119 10122 
1 7 10161 10154 9762 9570 9567 9569 10163 
1 5 10163 9569 9568 9960 9958 
1 4 10163 10162 9384 9382 
1 3 10163 9569 9565 
1 6 10163 10162 9384 9387 9594 9592 
1 4 10163 9555 9556 10112 
1 7 10163 9569 9567 9570 9762 10154 10161 
1 2 10164 10721 
1 2 10164 10712 
1 2 10178 10179 
1 2 10179 10178 
1 5 10179 10185 10181 10026 10002 
1 8 10179 10175 9409 9399 9403 9406 9402 10479 
1 9 10198 9702 9694 9695 9657 9664 9659 10143 9684 
1 2 10359 10360 
1 2 10360 10359 
1 2 10360 10486 
1 2 10408 9669 
1 5 10409 9676 9682 9675 10723 
1 2 10448 10494 
1 2 10470 10702 
1 5 10476 9774 9793 9777 9778 
1 11 10476 9774 9793 9783 9789 9892 9889 9894 9893 9887 10036 
1 2 10476 10656 
1 8 10479 9402 9406 9403 9399 9409 10175 10179 
1 2 10481 10736 
1 2 10485 11193 
1 2 10486 10360 
1 2 10489 10499 
1 2 10494 10448 
1 2 10494 10759 
1 2 10499 10489 
1 2 10509 11159 
1 2 10518 10876 
1 2 10525 11069 
1 2 10525 2479 
1 6 10525 2479 2474 2476 2482 2471 
1 5 10525 2479 2474 3991 3990 
1 2 10528 10796 
1 6 10543 10094 10093 10097 10092 9596 
1 2 10543 10094 
1 2 10551 10765 
1 2 10561 11056 
1 2 10561 10864 
1 2 10580 10667 
1 3 10586 2931 2936 
1 2 10586 2934 
1 2 10594 10914 
1 4 10606 9650 9652 9656 
1 2 10628 10863 
1 2 10628 10997 
1 2 10645 10965 
1 2 10646 10714 
1 2 10656 10476 
1 2 10659 10950 
1 2 10667 10580 
1 3 10678 10551 10765 
1 2 10702 10470 
1 2 10702 10901 
1 2 10704 11143 
1 2 10707 10894 
1 2 10712 10164 
1 2 10712 10718 
1 2 10714 10646 
1 2 10718 10712 
1 4 10718 10712 10164 10721 
1 2 10718 10856 
1 2 10720 10893 
1 2 10721 10164 
1 4 10721 10164 10712 10718 
1 5 10723 9675 9682 9676 10409 
1 4 10723 9680 9532 9530 
1 2 10736 10481 
1 2 10759 10494 
1 2 10765 10551 
1 3 10765 10551 10678 
1 2 10765 10965 
1 2 10770 11209 
1 2 10796 10528 
1 2 10796 10856 
1 2 10797 10854 
1 2 10848 11162 
1 2 10854 10797 
1 2 10856 10718 
1 2 10856 10796 
1 2 10863 10628 
1 2 10864 10561 
1 2 10866 11015 
1 3 10866 10659 10950 
1 2 10876 11212 
1 2 10876 10518 
1 2 10876 11195 
1 2 10893 10720 
1 2 10894 10707 
1 2 10901 10702 
1 3 10902 10132 9761 
1 4 10902 10132 10129 10131 
1 2 10903 10982 
1 2 10914 10594 
1 2 10950 11196 
1 2 10950 10659 
1 3 10950 10659 10866 
1 2 10952 11049 
1 4 10964 10158 9677 9668 
1 8 10964 9647 9646 10147 9636 10160 10159 10160 
1 3 10964 9647 9644 
1 2 10965 10645 
1 2 10965 10765 
1 3 10981 9734 9738 
1 2 10981 10028 
1 2 10982 11133 
1 2 10982 10903 
1 2 10997 10628 
1 2 11015 10866 
1 2 11049 11195 
1 2 11049 10952 
1 2 11056 10561 
1 2 11069 10525 
1 2 11123 10142 
1 5 11123 10142 10140 10141 10138 
1 2 11133 10982 
1 2 11143 10704 
1 2 11159 10509 
1 2 11162 10848 
1 2 11179 2326 
1 4 11179 2556 2562 2553 
1 3 11179 2557 2326 
1 10 11179 2556 3750 3738 3743 3755 3739 2896 2889 2891 
1 3 11179 2556 3750 
1 2 11193 10485 
1 2 11195 10876 
1 2 11195 11049 
1 2 11196 10950 
1 2 11209 10770 
1 2 11212 10876 
1 2 10567 10837 
1 6 10252 10250 10257 10256 10441 10442 
1 3 10258 10254 10744 
1 2 10265 10268 
1 2 10263 10884 
1 3 10266 10256 10441 
1 2 10268 10265 
1 4 10268 10265 10264 10932 
1 2 10297 10307 
1 2 10307 10297 
1 4 10307 10297 10293 10884 
1 2 10324 10664 
1 2 10327 10664 
1 3 10326 10264 10932 
1 2 10362 10532 
1 2 10363 10365 
1 2 10365 10363 
1 2 10365 10689 
1 2 10412 10413 
1 3 10412 10413 10672 
1 2 10413 10412 
1 2 10413 10672 
1 2 10416 10842 
1 2 10416 10689 
1 2 10424 11147 
1 2 10424 11041 
1 2 10425 11147 
1 2 10430 10927 
1 2 10430 10431 
1 2 10431 10430 
1 2 10431 10996 
1 2 10437 11041 
1 3 10441 10256 10266 
1 2 10441 10443 
1 6 10442 10441 10256 10257 10250 10252 
1 3 10442 10441 10443 
1 2 10443 10441 
1 3 10443 10441 10442 
1 2 10443 10827 
1 2 10449 10563 
1 2 10450 10467 
1 2 10465 10725 
1 2 10467 10641 
1 2 10467 10450 
1 2 10471 10934 
1 2 10502 10744 
1 2 10510 10621 
1 2 10510 10621 
1 2 10510 10742 
1 2 10515 11157 
1 2 10515 11157 
1 2 10519 10602 
1 2 10520 10807 
1 2 10526 10584 
1 2 10531 10552 
1 2 10532 10362 
1 2 10532 10641 
1 2 10532 10842 
1 2 10541 10542 
1 2 10541 10568 
1 2 10542 10541 
1 3 10542 10541 11157 
1 2 10550 11147 
1 2 10552 11142 
1 2 10552 11142 
1 2 10552 10531 
1 2 10563 10449 
1 2 10563 11148 
1 2 10568 10908 
1 2 10568 10541 
1 2 10570 11169 
1 2 10570 11160 
1 2 10570 10609 
1 2 10584 10837 
1 2 10584 10526 
1 2 10584 10837 
1 2 10589 10929 
1 2 10602 10519 
1 2 10602 11041 
1 2 10609 10570 
1 2 10621 10510 
1 2 10621 10510 
1 2 10635 10734 
1 2 10635 11008 
1 2 10641 10467 
1 2 10641 10532 
1 2 10664 10327 
1 2 10664 10324 
1 2 10672 10413 
1 3 10672 10413 10412 
1 2 10672 10827 
1 2 10675 10941 
1 2 10689 10416 
1 2 10689 10365 
1 2 10725 10465 
1 2 10734 10635 
1 2 10742 10510 
1 2 10744 10502 
1 3 10744 10254 10258 
1 2 10807 10520 
1 2 10827 10672 
1 2 10827 10443 
1 2 10837 10567 
1 2 10837 10584 
1 2 10837 10584 
1 2 10842 10416 
1 2 10842 10532 
1 2 10860 10943 
1 2 10873 11057 
1 2 10884 10263 
1 4 10884 10293 10297 10307 
1 2 10898 11032 
1 2 10898 11174 
1 2 10898 11032 
1 2 10899 11089 
1 2 10904 10941 
1 2 10908 10568 
1 2 10922 11173 
1 2 10927 10430 
1 2 10929 10589 
1 3 10932 10264 10326 
1 4 10932 10264 10265 10268 
1 2 10932 10934 
1 2 10934 10471 
1 2 10934 10932 
1 2 10941 10675 
1 2 10941 10904 
1 2 10942 11180 
1 2 10943 10860 
1 2 10996 10431 
1 2 11008 10635 
1 2 11020 11021 
1 2 11021 11020 
1 2 11021 11175 
1 2 11021 11175 
1 2 11032 10898 
1 2 11032 10898 
1 2 11041 10424 
1 2 11041 10437 
1 2 11041 10602 
1 2 11057 10873 
1 2 11067 11188 
1 2 11067 11188 
1 2 11089 10899 
1 2 11142 10552 
1 2 11142 11148 
1 2 11142 10552 
1 2 11142 11148 
1 2 11147 10550 
1 2 11147 10424 
1 2 11147 10425 
1 2 11148 11142 
1 2 11148 10563 
1 2 11148 11142 
1 2 11157 10515 
1 2 11157 10515 
1 3 11157 10541 10542 
1 2 11160 10570 
1 2 11169 10570 
1 2 11173 10922 
1 2 11174 10898 
1 2 11175 11021 
1 2 11175 11021 
1 2 11180 10942 
1 2 11188 11067 
1 2 11188 11067 
1 2 11027 10591 
1 2 11027 10591 
1 6 7447 7466 7486 7480 7457 7469 
1 8 7469 7457 7480 7486 7443 7483 7902 7889 
1 6 7469 7457 7480 7486 7466 7447 
1 16 7469 7457 7480 7444 7484 7447 7460 7487 7452 7475 7448 7446 7840 7824 7842 7837 
1 8 7889 7902 7483 7443 7486 7480 7457 7469 
1 4 7889 7892 7872 7901 
1 23 7889 7902 7483 7443 7486 7480 7457 7469 7457 7480 7444 7484 7447 7460 7487 7452 7475 7448 7446 7840 7824 7842 7837 
1 4 7901 7872 7892 7889 
1 11 7901 7880 7888 8031 8066 8037 8050 8067 8036 8079 7587 
1 10 7901 7880 7888 8031 8066 8037 8050 8067 8036 8079 
1 2 10480 10557 
1 2 10557 5405 
1 2 10557 10480 
1 2 10557 5406 
1 2 10557 11172 
1 2 10925 11023 
1 2 10991 11172 
1 2 11023 10925 
1 2 11065 11187 
1 2 11172 10557 
1 2 11172 10991 
1 2 11187 11065 
1 2 11211 10722 
1 2 11211 10793 
1 5 7435 7436 7406 7701 7687 
1 8 7435 7412 7404 7429 7413 7411 7416 7414 
1 8 7414 7416 7411 7413 7429 7404 7412 7435 
1 20 7414 7432 7408 7413 7429 7404 7424 7412 7435 7436 7406 7701 7687 7703 7694 7695 7689 7695 7619 7631 
1 9 7493 7499 7753 7794 7818 7773 7760 7817 7769 
1 2 7493 7495 
1 8 7493 7499 7753 7794 7753 7780 7792 7747 
1 2 7495 7493 
1 8 7495 7497 7500 7637 7668 7640 7662 7667 
1 16 7587 8079 8036 8067 8050 8037 8066 8031 8065 8042 8078 8039 8041 8049 8052 7598 
1 2 7587 8079 
1 11 7587 8079 8036 8067 8050 8037 8066 8031 7888 7880 7901 
1 16 7598 8052 8049 8041 8039 8078 8042 8065 8031 8066 8037 8050 8067 8036 8079 7587 
1 20 7631 7619 7695 7689 7695 7694 7703 7687 7701 7406 7436 7435 7412 7424 7404 7429 7413 7408 7432 7414 
1 4 7631 7619 7630 7689 
1 8 7631 7698 7682 7688 7625 7621 7712 7710 
1 8 7667 7662 7640 7668 7637 7500 7497 7495 
1 10 7654 7672 7734 7930 7680 7660 7732 7743 7731 7733 
1 3 7654 7741 7725 
1 5 7687 7701 7406 7436 7435 
1 4 7689 7630 7619 7631 
1 8 7710 7712 7621 7625 7688 7682 7698 7631 
1 8 7710 7707 7713 7709 7912 7910 7868 7859 
1 5 7715 7922 7929 7923 7908 
1 2 7715 7716 
1 2 7716 7715 
1 10 7733 7731 7743 7732 7660 7680 7930 7734 7672 7654 
1 5 7725 7734 7672 7734 7930 
1 3 7725 7741 7654 
1 9 7769 7817 7760 7773 7818 7794 7753 7499 7493 
1 8 7747 7792 7780 7753 7794 7753 7499 7493 
1 8 7859 7868 7910 7912 7709 7713 7707 7710 
1 5 7908 7923 7929 7922 7715 
1 2 7927 7925 
1 2 7925 7927 
1 5 7930 7734 7672 7734 7725 
1 6 8031 8066 8037 8050 8067 8079 
1 6 8079 8067 8050 8037 8066 8031 
1 2 8079 7587 
1 10 8079 8036 8067 8050 8037 8066 8031 7888 7880 7901 
1 7 8163 9269 9273 8952 8942 9274 9265 
1 2 8171 10475 
1 3 8173 8172 8984 
1 8 8173 8172 8979 8948 8949 8945 9267 9265 
1 4 8194 8192 8338 8327 
1 3 8214 8523 8525 
1 4 8224 8230 8659 8657 
1 4 8244 8248 8679 8683 
1 3 8245 8808 8806 
1 4 8257 8261 8924 8911 
1 3 8262 8265 9149 
1 6 8272 8906 8904 8909 8903 8905 
1 6 8288 8282 8320 8333 8336 8327 
1 9 8288 8282 8320 8333 8329 8524 8216 8211 9300 
1 6 8294 8701 8696 8700 8664 8668 
1 3 8295 9153 9151 
1 5 8319 8411 8412 8421 8413 
1 4 8319 8164 8158 9316 
1 4 8327 8338 8192 8194 
1 6 8327 8336 8333 8320 8282 8288 
1 4 8327 8323 9098 9102 
1 2 8355 10473 
1 2 8355 10527 
1 3 8356 9052 10473 
1 2 8379 9236 
1 3 8383 9307 9306 
1 2 8397 8399 
1 2 8399 8397 
1 2 8399 8546 
1 6 8399 8557 8548 8863 8861 9155 
1 3 8406 8407 9300 
1 5 8413 8421 8412 8411 8319 
1 5 8413 8638 8630 8625 8729 
1 3 8438 8439 9214 
1 3 8436 8438 9214 
1 2 8450 9147 
1 3 8453 8455 8660 
1 9 8476 8474 8472 8469 8776 8485 8881 8492 8879 
1 4 8476 8468 8753 8746 
1 2 8492 8879 
1 4 8506 8508 8641 8939 
1 4 8515 8511 8536 8537 
1 3 8525 8523 8214 
1 3 8525 9026 9020 
1 3 8525 9161 9164 
1 10 8525 8518 8519 8527 8522 8530 9105 8858 8857 9209 
1 6 8537 8533 8541 8514 8734 8732 
1 4 8537 8536 8511 8515 
1 2 8552 8546 
1 5 8546 8399 8397 8398 8687 
1 2 8546 8552 
1 2 8546 8399 
1 8 8568 8574 8579 8563 8627 8624 8637 8628 
1 2 8586 8986 
1 4 8586 8986 8787 8786 
1 2 8613 9151 
1 9 8617 8155 8153 8170 8650 8642 8506 8508 8663 
1 5 8619 8623 9212 9310 9306 
1 8 8628 8637 8624 8627 8563 8579 8574 8568 
1 5 8628 8635 8632 8625 8729 
1 4 8654 8646 8559 8954 
1 4 8657 8659 8230 8224 
1 3 8657 8658 8940 
1 3 8660 8455 8453 
1 3 8660 8773 8771 
1 9 8663 8508 8506 8642 8650 8170 8153 8155 8617 
1 2 8663 8940 
1 4 8665 8666 8983 8985 
1 5 8665 8666 8983 8985 8984 
1 6 8668 8664 8700 8696 8701 8294 
1 2 8668 10492 
1 4 8683 8679 8248 8244 
1 5 8683 8680 8684 8677 8682 
1 5 8682 8677 8684 8680 8683 
1 5 8682 8242 8901 8903 8905 
1 5 8687 8398 8397 8399 8546 
1 3 8687 8686 8688 
1 3 8688 8686 8687 
1 3 8688 8863 8862 
1 4 8700 8982 8983 8984 
1 3 8726 8718 9188 
1 5 8729 8625 8630 8638 8413 
1 5 8729 8625 8632 8635 8628 
1 5 8729 8885 8884 8886 8889 
1 6 8732 8734 8514 8541 8533 8537 
1 3 8732 9111 9109 
1 3 8737 8738 8931 
1 3 8742 8744 8847 
1 8 8742 9127 8512 9123 9125 9195 9193 9200 
1 3 8752 8750 8746 
1 3 8746 8750 8752 
1 4 8746 8753 8468 8476 
1 7 8746 8753 8757 8747 8470 8475 9063 
1 2 8768 8765 
1 2 8765 8768 
1 5 8765 8766 8767 9044 9045 
1 3 8765 8897 8895 
1 3 8771 8773 8660 
1 3 8771 8960 8958 
1 3 8774 9148 9149 
1 5 8776 8485 8881 8492 8879 
1 3 8793 8797 8786 
1 3 8786 8797 8793 
1 4 8786 8787 8986 8586 
1 3 8786 8993 8990 
1 2 8800 8847 
1 5 8802 8805 8801 8800 8847 
1 3 8806 8808 8245 
1 4 8806 8807 8903 8905 
1 6 8816 8823 9104 9099 9094 9102 
1 2 8829 9262 
1 6 8836 8946 8980 8979 8172 8984 
1 9 8836 8831 8838 8845 8840 8844 8918 8841 9264 
1 2 8841 9264 
1 2 8847 8800 
1 5 8847 8800 8801 8805 8802 
1 3 8847 8744 8742 
1 3 8847 8848 9146 
1 3 8859 8860 9106 
1 3 8862 8686 8688 
1 3 8862 9232 9082 
1 4 8871 8874 8379 9236 
1 2 8875 9213 
1 2 8875 9112 
1 5 8875 9112 8382 9307 9306 
1 2 8879 8492 
1 9 8879 8492 8881 8485 8776 8469 8472 8474 8476 
1 5 8879 8492 8881 8485 8776 
1 5 8889 8886 8884 8885 8729 
1 5 8889 8882 8728 8380 9236 
1 6 8890 8898 8892 8894 8893 8895 
1 6 8895 8893 8894 8892 8898 8890 
1 3 8895 8897 8765 
1 3 8895 9171 9169 
1 6 8905 8903 8909 8904 8906 8272 
1 5 8905 8903 8901 8242 8682 
1 4 8905 8903 8807 8806 
1 4 8905 8899 9310 9306 
1 4 8911 8924 8917 8257 
1 6 8911 8919 8925 8918 8841 9264 
1 3 8931 8738 8737 
1 8 8931 8933 8456 8454 8455 8660 8661 9068 
1 2 8931 9082 
1 7 8931 8740 8457 8453 8772 8961 9259 
1 4 8939 8641 8508 8506 
1 2 8939 9155 
1 2 8940 8663 
1 3 8940 8658 8657 
1 4 8940 8641 8939 9155 
1 4 8954 8944 8646 8654 
1 6 8954 8947 8955 8942 9274 9265 
1 3 8958 8960 8771 
1 4 8958 8959 9154 9151 
1 3 8965 8970 8964 
1 3 8964 8962 8965 
1 3 8964 9257 9253 
1 3 8972 8976 9143 
1 5 8975 8971 9140 9145 9141 
1 6 8975 9150 8264 8262 8265 9149 
1 4 8985 8983 8666 8665 
1 5 8984 8985 8983 8666 8665 
1 3 8984 8172 8173 
1 4 8984 8983 8982 8700 
1 6 8984 8172 8979 8980 8946 8836 
1 5 8984 8985 8174 8171 10475 
1 2 8986 8586 
1 3 8990 8993 8786 
1 5 9015 9009 9086 9092 9084 
1 4 9015 9010 9240 9239 
1 2 9050 9048 
1 2 9048 9050 
1 5 9048 9059 9055 9054 10878 
1 2 9063 9112 
1 7 9063 8475 8470 8747 8757 8753 8746 
1 4 9063 8382 9307 9306 
1 8 9068 8661 8660 8455 8454 8456 8933 8931 
1 2 9082 8931 
1 3 9082 9232 8862 
1 3 9082 9231 9233 
1 5 9084 9092 9086 9009 9015 
1 5 9084 8405 8402 8450 9147 
1 4 9102 9098 8323 8327 
1 6 9102 9094 9099 9104 8823 8816 
1 9 9102 9094 9099 9104 8823 9192 9197 9191 9200 
1 3 9106 8860 8859 
1 4 9106 8859 8857 9209 
1 3 9109 9111 8732 
1 3 9109 9179 9172 
1 2 9112 8875 
1 2 9112 9063 
1 4 9112 8382 9307 9306 
1 3 9125 9193 9200 
1 3 9143 8976 8972 
1 3 9143 9139 9141 
1 3 9141 9139 9143 
1 3 9141 8865 8867 
1 5 9141 9145 9140 8971 8975 
1 3 9146 8848 8847 
1 6 9146 8846 9229 9183 9185 9187 
1 2 9146 9228 
1 2 9147 8430 
1 2 9147 8450 
1 5 9147 8450 8402 8405 9084 
1 4 9147 8450 8451 9188 
1 5 9149 9148 8774 8775 10617 
1 3 9149 8265 8262 
1 3 9149 9148 8774 
1 6 9149 8265 8262 8264 9150 8975 
1 5 9149 8265 8267 9165 9164 
1 3 9151 9153 8295 
1 2 9151 8613 
1 4 9151 9154 8959 8958 
1 6 9151 9154 8959 8960 8961 9259 
1 6 9155 8861 8863 8548 8557 8399 
1 2 9155 8939 
1 4 9155 8939 8641 8940 
1 3 9164 9161 8525 
1 5 9164 9165 8267 8265 9149 
1 3 9169 9171 8895 
1 4 9169 9108 9110 9172 
1 3 9172 9179 9109 
1 4 9172 9110 9108 9169 
1 4 9187 9186 9240 9115 
1 6 9187 9185 9183 9229 8846 9146 
1 5 9187 9184 9202 9196 9200 
1 3 9188 8718 8726 
1 4 9188 8451 8450 9147 
1 7 9188 8451 8450 8402 8406 8407 9300 
1 8 9200 9193 9195 9125 9123 8512 9127 8742 
1 3 9200 9193 9125 
1 9 9200 9191 9197 9192 8823 9104 9099 9094 9102 
1 5 9200 9196 9202 9184 9187 
1 10 9209 8857 8858 9105 8530 8522 8527 8519 8518 8525 
1 4 9209 8857 8859 9106 
1 2 9213 8875 
1 3 9214 8439 8438 
1 3 9214 8438 8436 
1 4 9214 9212 9310 9306 
1 5 9215 9221 9311 9312 9316 
1 2 9228 9146 
1 3 9233 9231 9082 
1 2 9236 8379 
1 5 9236 8380 8728 8882 8889 
1 4 9236 8379 8874 8871 
1 2 9237 10555 
1 2 9238 10555 
1 2 9254 9253 
1 2 9253 9254 
1 3 9253 9257 8964 
1 7 9259 8961 8772 8453 8457 8740 8931 
1 6 9259 8961 8960 8959 9154 9151 
1 2 9262 8829 
1 2 9262 9264 
1 2 9264 9262 
1 2 9264 8841 
1 6 9264 8841 8918 8925 8919 8911 
1 9 9264 8841 8918 8844 8840 8845 8838 8831 8836 
1 7 9265 9274 8942 8952 9273 9269 8163 
1 8 9265 9271 8945 8949 8948 8979 8172 8173 
1 6 9265 9274 8942 8955 8947 8954 
1 3 9300 8407 8406 
1 9 9300 8211 8216 8524 8329 8333 8320 8282 8288 
1 7 9300 8407 8406 8402 8450 8451 9188 
1 3 9306 9307 8383 
1 5 9306 9310 9212 8623 8619 
1 4 9306 9310 8899 8905 
1 5 9306 9307 8382 9112 8875 
1 4 9306 9307 8382 9063 
1 4 9306 9307 8382 9112 
1 4 9306 9310 9212 9214 
1 4 9316 8158 8164 8319 
1 5 9316 9312 9311 9221 9215 
1 2 10366 10745 
1 2 10367 10745 
1 2 10396 10392 
1 2 10392 10396 
1 4 10392 10396 10394 11132 
1 2 10398 10462 
1 2 10398 10536 
1 3 10399 10398 10462 
1 2 10414 10703 
1 2 10414 10536 
1 2 10415 11073 
1 2 10423 10461 
1 2 10453 10617 
1 2 10458 10566 
1 2 10458 10861 
1 2 10460 10896 
1 2 10460 10461 
1 2 10461 10423 
1 2 10461 10460 
1 2 10462 10644 
1 2 10462 10398 
1 3 10462 10398 10399 
1 2 10462 10933 
1 2 10473 8355 
1 3 10473 9052 8356 
1 2 10473 10878 
1 2 10473 10907 
1 2 10475 10514 
1 2 10475 8171 
1 5 10475 8171 8174 8985 8984 
1 2 10475 10514 
1 3 10488 10453 10617 
1 2 10492 10735 
1 2 10492 10566 
1 2 10492 10735 
1 2 10492 8668 
1 2 10495 10933 
1 2 10497 10910 
1 2 10505 11058 
1 2 10505 10858 
1 2 10505 10668 
1 2 10514 10475 
1 2 10514 10475 
1 2 10527 8355 
1 2 10535 10698 
1 2 10535 10769 
1 2 10536 10414 
1 2 10536 10398 
1 2 10536 10738 
1 2 10555 9237 
1 2 10555 9238 
1 2 10566 10458 
1 2 10566 10492 
1 2 10591 11027 
1 2 10591 10611 
1 2 10591 11027 
1 2 10611 11213 
1 2 10611 10591 
1 2 10611 11213 
1 5 10617 8775 8774 9148 9149 
1 2 10617 10453 
1 3 10617 10453 10488 
1 2 10626 10686 
1 2 10637 10987 
1 2 10640 11165 
1 2 10644 10462 
1 2 10644 11153 
1 2 10668 10505 
1 3 10668 10505 11075 
1 2 10677 11191 
1 2 10680 10820 
1 2 10686 10626 
1 2 10698 10535 
1 2 10703 10414 
1 2 10722 11211 
1 2 10735 10492 
1 2 10735 10492 
1 2 10738 10536 
1 2 10745 10366 
1 2 10745 10367 
1 2 10769 10535 
1 2 10778 11119 
1 2 10790 11136 
1 2 10793 11136 
1 2 10793 11211 
1 2 10794 11073 
1 2 10820 10680 
1 2 10844 11058 
1 2 10846 11168 
1 2 10858 10505 
1 2 10861 10458 
1 2 10878 10473 
1 5 10878 9054 9055 9059 9048 
1 2 10890 11042 
1 2 10896 10460 
1 3 10896 10460 10987 
1 2 10907 10473 
1 2 10910 10497 
1 2 10916 11073 
1 2 10933 10462 
1 2 10933 10495 
1 2 10936 11119 
1 3 10987 10460 10896 
1 2 10987 10637 
1 2 11042 10890 
1 2 11058 10844 
1 2 11058 10505 
1 2 11073 10415 
1 2 11073 10916 
1 2 11073 11165 
1 2 11073 10794 
1 3 11075 10505 10668 
1 2 11119 10778 
1 2 11119 10936 
1 4 11132 10394 10396 10392 
1 2 11136 10790 
1 2 11136 10793 
1 2 11153 10644 
1 2 11165 11073 
1 2 11165 10640 
1 2 11168 10846 
1 2 11191 10677 
1 2 11213 10611 
1 2 11213 10611 
1 2 10971 10819 
1 3 111 114 113 
1 3 113 114 111 
1 2 113 1561 
1 9 113 110 1162 1170 1154 1167 1152 697 934 
1 3 429 433 428 
1 3 428 426 10357 
1 3 428 433 429 
1 9 640 643 646 1159 1153 1162 110 113 1561 
1 6 640 643 645 639 1850 1848 
1 3 645 1847 1857 
1 6 645 646 1159 1153 1157 1165 
1 2 723 722 
1 2 722 723 
1 2 722 1561 
1 4 1162 1170 1154 1165 
1 7 1162 1153 1171 1149 1156 697 934 
1 4 1165 1154 1170 1162 
1 6 1165 1157 1153 1159 646 645 
1 4 1165 1152 697 934 
1 9 1561 113 110 1162 1153 1159 646 643 640 
1 2 1561 113 
1 2 1561 722 
1 3 1857 1855 1848 
1 3 1857 1847 645 
1 6 1848 1850 639 645 643 640 
1 3 1848 1855 1857 
1 4 1848 1219 1216 1212 
1 2 10353 11055 
1 3 10353 10356 10355 
1 2 10354 10631 
1 3 10355 10356 10353 
1 3 10357 426 428 
1 6 10357 10358 10357 10355 10356 11055 
1 2 10607 10819 
1 2 10608 10768 
1 2 10631 10354 
1 2 10705 10960 
1 2 10705 10819 
1 2 10768 10608 
1 2 10819 10971 
1 2 10819 10705 
1 2 10819 10607 
1 2 10960 10705 
1 6 11055 10356 10355 10357 10358 10357 
1 2 11055 10353 
