1 1
1 13
1 29
1 34
1 42
1 58
1 69
1 72
1 73
1 79
1 86
1 91
1 103
1 105
1 111
1 113
1 115
1 132
1 154
1 173
1 190
1 198
1 202
1 217
1 220
1 235
1 236
1 238
1 239
1 244
1 260
1 261
1 262
1 268
1 269
1 281
1 283
1 285
1 290
1 293
1 295
1 302
1 310
1 319
1 328
1 329
1 344
1 348
1 349
1 351
1 353
1 354
1 357
1 363
1 365
1 371
1 372
1 373
1 378
1 381
1 394
1 395
1 396
1 398
1 411
1 416
1 418
1 428
1 429
1 434
1 437
1 440
1 441
1 445
1 446
1 458
1 464
1 470
1 473
1 479
1 481
1 492
1 502
1 503
1 508
1 513
1 518
1 526
1 548
1 556
1 570
1 573
1 577
1 582
1 589
1 593
1 603
1 615
1 624
1 628
1 630
1 640
1 645
1 651
1 654
1 671
1 680
1 688
1 689
1 699
1 720
1 722
1 723
1 726
1 728
1 730
1 733
1 743
1 749
1 761
1 772
1 774
1 781
1 784
1 785
1 789
1 809
1 818
1 832
1 837
1 843
1 849
1 850
1 852
1 857
1 861
1 877
1 895
1 910
1 924
1 931
1 934
1 935
1 948
1 969
1 985
1 988
1 992
1 993
1 996
1 998
1 999
1 1001
1 1009
1 1021
1 1027
1 1035
1 1040
1 1045
1 1048
1 1057
1 1062
1 1065
1 1068
1 1084
1 1093
1 1096
1 1099
1 1101
1 1104
1 1108
1 1109
1 1112
1 1114
1 1122
1 1126
1 1145
1 1147
1 1162
1 1165
1 1180
1 1190
1 1191
1 1203
1 1204
1 1206
1 1212
1 1215
1 1226
1 1238
1 1242
1 1251
1 1262
1 1273
1 1278
1 1279
1 1283
1 1291
1 1292
1 1309
1 1321
1 1322
1 1323
1 1328
1 1331
1 1332
1 1333
1 1341
1 1347
1 1350
1 1353
1 1355
1 1365
1 1396
1 1398
1 1401
1 1406
1 1409
1 1411
1 1440
1 1461
1 1478
1 1479
1 1482
1 1491
1 1495
1 1497
1 1500
1 1504
1 1513
1 1518
1 1533
1 1535
1 1536
1 1547
1 1554
1 1558
1 1561
1 1562
1 1570
1 1579
1 1597
1 1619
1 1621
1 1627
1 1628
1 1646
1 1655
1 1658
1 1661
1 1664
1 1665
1 1670
1 1675
1 1676
1 1681
1 1689
1 1694
1 1696
1 1700
1 1703
1 1704
1 1705
1 1722
1 1728
1 1730
1 1735
1 1746
1 1751
1 1754
1 1771
1 1777
1 1788
1 1794
1 1796
1 1797
1 1812
1 1814
1 1815
1 1818
1 1824
1 1829
1 1836
1 1840
1 1845
1 1848
1 1857
1 1859
1 1860
1 1863
1 1864
1 1866
1 1886
1 1894
1 1907
1 1912
1 1919
1 1920
1 1925
1 1933
1 1934
1 1936
1 1944
1 1958
1 1959
1 1961
1 1966
1 1967
1 1973
1 1974
1 1977
1 1987
1 1989
1 1992
1 1996
1 1997
1 2008
1 2010
1 2015
1 2036
1 2037
1 2047
1 2053
1 2061
1 2066
1 2067
1 2077
1 2090
1 2095
1 2100
1 2115
1 2141
1 2142
1 2144
1 2145
1 2158
1 2160
1 2163
1 2172
1 2176
1 2180
1 2181
1 2187
1 2203
1 2205
1 2206
1 2208
1 2216
1 2219
1 2220
1 2221
1 2222
1 2225
1 2226
1 2230
1 2239
1 2244
1 2250
1 2252
1 2257
1 2260
1 2264
1 2270
1 2276
1 2295
1 2308
1 2318
1 2323
1 2326
1 2327
1 2328
1 2332
1 2333
1 2338
1 2350
1 2378
1 2380
1 2391
1 2392
1 2405
1 2409
1 2416
1 2419
1 2420
1 2421
1 2433
1 2436
1 2445
1 2460
1 2467
1 2468
1 2471
1 2479
1 2488
1 2507
1 2508
1 2516
1 2523
1 2527
1 2529
1 2533
1 2538
1 2539
1 2547
1 2550
1 2553
1 2572
1 2590
1 2599
1 2603
1 2604
1 2610
1 2611
1 2617
1 2623
1 2628
1 2633
1 2640
1 2649
1 2662
1 2674
1 2683
1 2685
1 2689
1 2695
1 2701
1 2717
1 2725
1 2726
1 2739
1 2744
1 2749
1 2756
1 2762
1 2772
1 2774
1 2779
1 2783
1 2795
1 2819
1 2823
1 2824
1 2829
1 2837
1 2843
1 2845
1 2847
1 2857
1 2858
1 2859
1 2863
1 2881
1 2891
1 2898
1 2913
1 2915
1 2920
1 2934
1 2936
1 2942
1 2946
1 2952
1 2963
1 2977
1 2981
1 2985
1 2989
1 2991
1 2995
1 2998
1 3003
1 3015
1 3017
1 3022
1 3035
1 3038
1 3042
1 3046
1 3047
1 3055
1 3058
1 3060
1 3063
1 3069
1 3082
1 3096
1 3111
1 3122
1 3126
1 3130
1 3136
1 3138
1 3143
1 3145
1 3150
1 3151
1 3159
1 3160
1 3163
1 3171
1 3172
1 3176
1 3182
1 3195
1 3205
1 3207
1 3208
1 3210
1 3213
1 3221
1 3225
1 3229
1 3230
1 3232
1 3236
1 3240
1 3241
1 3255
1 3257
1 3271
1 3276
1 3278
1 3283
1 3288
1 3318
1 3323
1 3339
1 3348
1 3349
1 3350
1 3353
1 3355
1 3366
1 3369
1 3386
1 3392
1 3405
1 3426
1 3436
1 3444
1 3445
1 3448
1 3450
1 3456
1 3460
1 3472
1 3473
1 3475
1 3482
1 3486
1 3488
1 3489
1 3495
1 3498
1 3502
1 3517
1 3529
1 3539
1 3540
1 3552
1 3554
1 3564
1 3568
1 3571
1 3576
1 3581
1 3591
1 3604
1 3628
1 3629
1 3637
1 3641
1 3642
1 3647
1 3650
1 3663
1 3669
1 3674
1 3679
1 3682
1 3686
1 3691
1 3694
1 3695
1 3697
1 3699
1 3703
1 3704
1 3708
1 3712
1 3719
1 3725
1 3728
1 3750
1 3768
1 3773
1 3815
1 3819
1 3829
1 3832
1 3836
1 3841
1 3842
1 3847
1 3855
1 3856
1 3861
1 3873
1 3876
1 3878
1 3882
1 3891
1 3897
1 3904
1 3910
1 3913
1 3922
1 3926
1 3928
1 3931
1 3937
1 3939
1 3945
1 3949
1 3952
1 3962
1 3965
1 3968
1 3969
1 3986
1 3990
1 4006
1 4008
1 4012
1 4013
1 4021
1 4025
1 4042
1 4062
1 4064
1 4068
1 4072
1 4073
1 4080
1 4082
1 4085
1 4086
1 4091
1 4093
1 4096
1 4099
1 4118
1 4125
1 4130
1 4136
1 4138
1 4142
1 4143
1 4144
1 4145
1 4146
1 4154
1 4155
1 4160
1 4177
1 4200
1 4208
1 4213
1 4227
1 4229
1 4241
1 4243
1 4249
1 4252
1 4258
1 4261
1 4263
1 4267
1 4273
1 4277
1 4281
1 4284
1 4289
1 4290
1 4292
1 4293
1 4295
1 4296
1 4299
1 4302
1 4312
1 4330
1 4332
1 4357
1 4374
1 4377
1 4378
1 4391
1 4400
1 4405
1 4407
1 4408
1 4412
1 4415
1 4427
1 4451
1 4471
1 4475
1 4483
1 4485
1 4491
1 4492
1 4501
1 4502
1 4503
1 4505
1 4529
1 4543
1 4546
1 4558
1 4559
1 4562
1 4571
1 4582
1 4587
1 4590
1 4598
1 4599
1 4603
1 4606
1 4615
1 4627
1 4629
1 4639
1 4642
1 4656
1 4658
1 4666
1 4671
1 4672
1 4677
1 4691
1 4703
1 4704
1 4709
1 4716
1 4726
1 4738
1 4739
1 4744
1 4750
1 4757
1 4761
1 4762
1 4765
1 4767
1 4776
1 4780
1 4788
1 4789
1 4798
1 4806
1 4807
1 4822
1 4826
1 4853
1 4866
1 4872
1 4877
1 4881
1 4890
1 4891
1 4913
1 4934
1 4938
1 4944
1 4974
1 4981
1 4985
1 4989
1 4995
1 4996
1 4997
1 5004
1 5009
1 5010
1 5017
1 5018
1 5023
1 5027
1 5040
1 5043
1 5049
1 5058
1 5069
1 5072
1 5075
1 5080
1 5083
1 5089
1 5095
1 5102
1 5123
1 5131
1 5137
1 5138
1 5141
1 5152
1 5174
1 5180
1 5193
1 5199
1 5202
1 5210
1 5215
1 5218
1 5223
1 5226
1 5244
1 5245
1 5247
1 5249
1 5250
1 5255
1 5267
1 5270
1 5277
1 5286
1 5290
1 5297
1 5298
1 5301
1 5302
1 5308
1 5313
1 5314
1 5316
1 5317
1 5325
1 5326
1 5327
1 5328
1 5337
1 5342
1 5351
1 5359
1 5366
1 5376
1 5378
1 5388
1 5391
1 5397
1 5398
1 5405
1 5406
1 5416
1 5423
1 5429
1 5432
1 5438
1 5449
1 5451
1 5456
1 5464
1 5501
1 5504
1 5508
1 5512
1 5515
1 5526
1 5530
1 5534
1 5535
1 5538
1 5539
1 5541
1 5547
1 5553
1 5556
1 5557
1 5563
1 5568
1 5569
1 5574
1 5577
1 5586
1 5588
1 5592
1 5600
1 5608
1 5620
1 5632
1 5636
1 5638
1 5643
1 5645
1 5650
1 5653
1 5654
1 5655
1 5659
1 5661
1 5672
1 5673
1 5674
1 5678
1 5682
1 5687
1 5691
1 5696
1 5706
1 5718
1 5721
1 5733
1 5755
1 5756
1 5759
1 5765
1 5773
1 5779
1 5783
1 5785
1 5800
1 5808
1 5813
1 5820
1 5822
1 5832
1 5834
1 5835
1 5838
1 5846
1 5855
1 5865
1 5866
1 5872
1 5873
1 5878
1 5886
1 5894
1 5917
1 5923
1 5925
1 5939
1 5942
1 5947
1 5948
1 5953
1 5965
1 5973
1 5982
1 5985
1 5989
1 5995
1 5999
1 6006
1 6012
1 6013
1 6021
1 6023
1 6030
1 6038
1 6041
1 6047
1 6048
1 6049
1 6057
1 6060
1 6061
1 6063
1 6068
1 6077
1 6079
1 6085
1 6086
1 6090
1 6096
1 6099
1 6109
1 6118
1 6124
1 6125
1 6126
1 6129
1 6141
1 6142
1 6151
1 6152
1 6154
1 6164
1 6169
1 6174
1 6178
1 6179
1 6181
1 6186
1 6195
1 6208
1 6262
1 6282
1 6287
1 6293
1 6300
1 6308
1 6322
1 6360
1 6361
1 6362
1 6364
1 6372
1 6383
1 6385
1 6395
1 6418
1 6421
1 6429
1 6436
1 6459
1 6476
1 6493
1 6494
1 6512
1 6530
1 6555
1 6561
1 6562
1 6603
1 6604
1 6606
1 6608
1 6622
1 6628
1 6650
1 6665
1 6681
1 6711
1 6754
1 6778
1 6785
1 6799
1 6802
1 6807
1 6809
1 6820
1 6822
1 6861
1 6862
1 6905
1 6910
1 6947
1 6949
1 6954
1 6979
1 6991
1 7024
1 7036
1 7038
1 7044
1 7062
1 7079
1 7105
1 7107
1 7120
1 7138
1 7148
1 7164
1 7169
1 7170
1 7176
1 7201
1 7220
1 7230
1 7269
1 7271
1 7286
1 7294
1 7298
1 7300
1 7312
1 7341
1 7355
1 7357
1 7359
1 7393
1 7414
1 7435
1 7447
1 7469
1 7493
1 7495
1 7519
1 7546
1 7552
1 7587
1 7598
1 7631
1 7654
1 7667
1 7687
1 7689
1 7710
1 7715
1 7716
1 7718
1 7725
1 7733
1 7747
1 7769
1 7834
1 7837
1 7859
1 7889
1 7901
1 7908
1 7925
1 7927
1 7930
1 7939
1 7974
1 8015
1 8031
1 8079
1 8108
1 8137
1 8152
1 8163
1 8171
1 8173
1 8175
1 8176
1 8177
1 8194
1 8196
1 8201
1 8214
1 8224
1 8232
1 8234
1 8235
1 8240
1 8244
1 8245
1 8257
1 8262
1 8268
1 8272
1 8288
1 8294
1 8295
1 8304
1 8309
1 8319
1 8327
1 8349
1 8355
1 8356
1 8366
1 8372
1 8375
1 8379
1 8383
1 8385
1 8397
1 8399
1 8406
1 8413
1 8430
1 8436
1 8438
1 8443
1 8447
1 8450
1 8453
1 8463
1 8465
1 8476
1 8477
1 8482
1 8492
1 8499
1 8501
1 8505
1 8506
1 8515
1 8525
1 8537
1 8546
1 8552
1 8568
1 8586
1 8590
1 8591
1 8594
1 8600
1 8601
1 8609
1 8613
1 8617
1 8619
1 8628
1 8654
1 8657
1 8660
1 8663
1 8665
1 8668
1 8673
1 8682
1 8683
1 8687
1 8688
1 8692
1 8695
1 8700
1 8713
1 8726
1 8729
1 8732
1 8737
1 8742
1 8746
1 8752
1 8761
1 8764
1 8765
1 8768
1 8771
1 8774
1 8776
1 8786
1 8793
1 8798
1 8800
1 8802
1 8806
1 8816
1 8829
1 8836
1 8841
1 8847
1 8851
1 8859
1 8862
1 8867
1 8871
1 8875
1 8879
1 8889
1 8890
1 8895
1 8905
1 8911
1 8926
1 8931
1 8937
1 8939
1 8940
1 8954
1 8958
1 8964
1 8965
1 8972
1 8975
1 8984
1 8985
1 8986
1 8990
1 8996
1 9003
1 9015
1 9017
1 9018
1 9020
1 9030
1 9032
1 9041
1 9044
1 9045
1 9048
1 9050
1 9063
1 9064
1 9068
1 9074
1 9075
1 9079
1 9082
1 9084
1 9102
1 9106
1 9109
1 9112
1 9115
1 9116
1 9117
1 9119
1 9125
1 9128
1 9131
1 9134
1 9141
1 9143
1 9146
1 9147
1 9149
1 9151
1 9155
1 9157
1 9164
1 9166
1 9169
1 9172
1 9181
1 9187
1 9188
1 9200
1 9209
1 9213
1 9214
1 9215
1 9223
1 9226
1 9228
1 9233
1 9236
1 9237
1 9238
1 9239
1 9242
1 9248
1 9253
1 9254
1 9259
1 9262
1 9264
1 9265
1 9285
1 9292
1 9293
1 9300
1 9304
1 9306
1 9316
1 9325
1 9326
1 9328
1 9332
1 9334
1 9337
1 9340
1 9346
1 9351
1 9353
1 9358
1 9370
1 9382
1 9390
1 9395
1 9403
1 9409
1 9419
1 9426
1 9439
1 9446
1 9447
1 9448
1 9451
1 9453
1 9469
1 9485
1 9488
1 9490
1 9498
1 9499
1 9502
1 9503
1 9512
1 9519
1 9521
1 9530
1 9532
1 9546
1 9548
1 9553
1 9554
1 9560
1 9565
1 9572
1 9574
1 9581
1 9587
1 9592
1 9596
1 9598
1 9606
1 9607
1 9609
1 9613
1 9622
1 9625
1 9631
1 9636
1 9639
1 9644
1 9645
1 9652
1 9656
1 9658
1 9668
1 9669
1 9684
1 9687
1 9693
1 9738
1 9747
1 9759
1 9761
1 9764
1 9768
1 9778
1 9789
1 9797
1 9807
1 9814
1 9831
1 9837
1 9839
1 9841
1 9842
1 9843
1 9846
1 9848
1 9851
1 9857
1 9864
1 9867
1 9876
1 9881
1 9890
1 9892
1 9895
1 9898
1 9899
1 9904
1 9909
1 9910
1 9915
1 9924
1 9927
1 9929
1 9938
1 9939
1 9941
1 9946
1 9949
1 9953
1 9958
1 9969
1 9970
1 9972
1 9977
1 9985
1 9993
1 9994
1 9997
1 10002
1 10028
1 10035
1 10036
1 10043
1 10046
1 10049
1 10055
1 10059
1 10070
1 10071
1 10075
1 10078
1 10083
1 10085
1 10087
1 10090
1 10093
1 10094
1 10100
1 10110
1 10112
1 10115
1 10122
1 10127
1 10131
1 10138
1 10142
1 10145
1 10146
1 10151
1 10153
1 10154
1 10156
1 10160
1 10161
1 10163
1 10164
1 10168
1 10178
1 10179
1 10198
1 10199
1 10200
1 10203
1 10208
1 10210
1 10212
1 10227
1 10244
1 10245
1 10246
1 10252
1 10258
1 10263
1 10265
1 10266
1 10268
1 10270
1 10271
1 10275
1 10276
1 10280
1 10281
1 10285
1 10286
1 10297
1 10307
1 10311
1 10317
1 10320
1 10321
1 10324
1 10326
1 10327
1 10336
1 10341
1 10345
1 10347
1 10348
1 10349
1 10350
1 10351
1 10353
1 10354
1 10355
1 10357
1 10359
1 10360
1 10362
1 10363
1 10365
1 10366
1 10367
1 10372
1 10373
1 10375
1 10377
1 10379
1 10382
1 10386
1 10387
1 10391
1 10392
1 10396
1 10397
1 10398
1 10399
1 10400
1 10402
1 10403
1 10405
1 10406
1 10408
1 10409
1 10412
1 10413
1 10414
1 10415
1 10416
1 10417
1 10418
1 10419
1 10420
1 10421
1 10422
1 10423
1 10424
1 10425
1 10426
1 10427
1 10428
1 10429
1 10430
1 10431
1 10432
1 10433
1 10434
1 10435
1 10436
1 10437
1 10438
1 10439
1 10440
1 10441
1 10442
1 10443
1 10444
1 10445
1 10446
1 10447
1 10448
1 10449
1 10450
1 10451
1 10452
1 10453
1 10454
1 10455
1 10456
1 10457
1 10458
1 10459
1 10460
1 10461
1 10462
1 10463
1 10464
1 10465
1 10466
1 10467
1 10468
1 10469
1 10470
1 10471
1 10472
1 10473
1 10474
1 10475
1 10476
1 10477
1 10478
1 10479
1 10480
1 10481
1 10482
1 10484
1 10485
1 10486
1 10488
1 10489
1 10490
1 10491
1 10492
1 10493
1 10494
1 10495
1 10496
1 10497
1 10498
1 10499
1 10500
1 10501
1 10502
1 10503
1 10504
1 10505
1 10506
1 10507
1 10508
1 10509
1 10510
1 10511
1 10512
1 10513
1 10514
1 10515
1 10516
1 10517
1 10518
1 10519
1 10520
1 10521
1 10522
1 10523
1 10524
1 10525
1 10526
1 10527
1 10528
1 10529
1 10530
1 10531
1 10532
1 10533
1 10534
1 10535
1 10536
1 10537
1 10538
1 10539
1 10540
1 10541
1 10542
1 10543
1 10544
1 10545
1 10546
1 10547
1 10548
1 10549
1 10550
1 10551
1 10552
1 10553
1 10554
1 10555
1 10556
1 10557
1 10558
1 10559
1 10560
1 10561
1 10562
1 10563
1 10564
1 10565
1 10566
1 10567
1 10568
1 10569
1 10570
1 10571
1 10572
1 10573
1 10574
1 10575
1 10576
1 10577
1 10578
1 10579
1 10580
1 10581
1 10582
1 10583
1 10584
1 10585
1 10586
1 10587
1 10588
1 10589
1 10590
1 10591
1 10592
1 10593
1 10594
1 10596
1 10599
1 10600
1 10601
1 10602
1 10603
1 10604
1 10606
1 10607
1 10608
1 10609
1 10610
1 10611
1 10612
1 10613
1 10614
1 10615
1 10616
1 10617
1 10618
1 10619
1 10620
1 10621
1 10622
1 10623
1 10624
1 10625
1 10626
1 10627
1 10628
1 10629
1 10630
1 10631
1 10632
1 10633
1 10634
1 10635
1 10636
1 10637
1 10638
1 10639
1 10640
1 10641
1 10642
1 10643
1 10644
1 10645
1 10646
1 10648
1 10649
1 10650
1 10652
1 10653
1 10654
1 10655
1 10656
1 10657
1 10658
1 10659
1 10660
1 10661
1 10662
1 10663
1 10664
1 10665
1 10666
1 10667
1 10668
1 10669
1 10670
1 10671
1 10672
1 10673
1 10674
1 10675
1 10676
1 10677
1 10678
1 10679
1 10680
1 10681
1 10682
1 10683
1 10684
1 10685
1 10686
1 10687
1 10689
1 10690
1 10691
1 10692
1 10693
1 10694
1 10695
1 10696
1 10698
1 10699
1 10700
1 10702
1 10703
1 10704
1 10705
1 10707
1 10708
1 10710
1 10711
1 10712
1 10714
1 10715
1 10716
1 10717
1 10718
1 10719
1 10720
1 10721
1 10722
1 10723
1 10724
1 10725
1 10727
1 10728
1 10730
1 10731
1 10732
1 10733
1 10734
1 10735
1 10736
1 10738
1 10739
1 10740
1 10741
1 10742
1 10743
1 10744
1 10745
1 10746
1 10747
1 10748
1 10749
1 10750
1 10751
1 10753
1 10754
1 10755
1 10756
1 10757
1 10759
1 10761
1 10762
1 10764
1 10765
1 10766
1 10767
1 10768
1 10769
1 10770
1 10771
1 10772
1 10774
1 10775
1 10776
1 10778
1 10779
1 10781
1 10782
1 10783
1 10784
1 10785
1 10786
1 10787
1 10788
1 10789
1 10790
1 10791
1 10793
1 10794
1 10795
1 10796
1 10797
1 10799
1 10800
1 10801
1 10802
1 10803
1 10804
1 10805
1 10806
1 10807
1 10808
1 10809
1 10810
1 10811
1 10813
1 10814
1 10815
1 10816
1 10817
1 10819
1 10820
1 10821
1 10823
1 10824
1 10825
1 10826
1 10827
1 10828
1 10830
1 10831
1 10833
1 10834
1 10835
1 10836
1 10837
1 10838
1 10840
1 10841
1 10842
1 10844
1 10846
1 10847
1 10848
1 10849
1 10851
1 10852
1 10853
1 10854
1 10855
1 10856
1 10858
1 10859
1 10860
1 10861
1 10862
1 10863
1 10864
1 10866
1 10867
1 10868
1 10869
1 10871
1 10872
1 10873
1 10875
1 10876
1 10878
1 10879
1 10880
1 10881
1 10882
1 10883
1 10884
1 10885
1 10888
1 10890
1 10891
1 10892
1 10893
1 10894
1 10896
1 10898
1 10899
1 10900
1 10901
1 10902
1 10903
1 10904
1 10905
1 10906
1 10907
1 10908
1 10910
1 10911
1 10912
1 10914
1 10915
1 10916
1 10918
1 10919
1 10920
1 10922
1 10923
1 10925
1 10926
1 10927
1 10929
1 10930
1 10932
1 10933
1 10934
1 10935
1 10936
1 10938
1 10941
1 10942
1 10943
1 10945
1 10946
1 10947
1 10948
1 10949
1 10950
1 10951
1 10952
1 10955
1 10956
1 10958
1 10959
1 10960
1 10961
1 10962
1 10963
1 10964
1 10965
1 10966
1 10967
1 10968
1 10969
1 10970
1 10971
1 10972
1 10973
1 10974
1 10976
1 10977
1 10979
1 10980
1 10981
1 10982
1 10983
1 10984
1 10985
1 10986
1 10987
1 10988
1 10989
1 10990
1 10991
1 10992
1 10994
1 10995
1 10996
1 10997
1 11000
1 11001
1 11002
1 11004
1 11005
1 11006
1 11007
1 11008
1 11009
1 11010
1 11013
1 11014
1 11015
1 11016
1 11017
1 11019
1 11020
1 11021
1 11022
1 11023
1 11024
1 11025
1 11026
1 11027
1 11028
1 11029
1 11030
1 11031
1 11032
1 11034
1 11035
1 11037
1 11038
1 11039
1 11040
1 11041
1 11042
1 11044
1 11045
1 11046
1 11047
1 11049
1 11051
1 11052
1 11053
1 11055
1 11056
1 11057
1 11058
1 11059
1 11063
1 11065
1 11067
1 11069
1 11070
1 11073
1 11074
1 11075
1 11077
1 11080
1 11081
1 11083
1 11084
1 11085
1 11086
1 11088
1 11089
1 11090
1 11091
1 11092
1 11094
1 11095
1 11097
1 11100
1 11101
1 11104
1 11105
1 11109
1 11110
1 11112
1 11113
1 11114
1 11116
1 11117
1 11118
1 11119
1 11121
1 11122
1 11123
1 11124
1 11125
1 11126
1 11128
1 11129
1 11130
1 11131
1 11132
1 11133
1 11134
1 11136
1 11137
1 11139
1 11140
1 11142
1 11143
1 11146
1 11147
1 11148
1 11151
1 11153
1 11154
1 11155
1 11156
1 11157
1 11158
1 11159
1 11160
1 11161
1 11162
1 11163
1 11164
1 11165
1 11166
1 11168
1 11169
1 11170
1 11172
1 11173
1 11174
1 11175
1 11176
1 11179
1 11180
1 11182
1 11183
1 11186
1 11187
1 11188
1 11189
1 11191
1 11193
1 11195
1 11196
1 11200
1 11201
1 11203
1 11204
1 11205
1 11207
1 11209
1 11210
1 11211
1 11212
1 11213
1 11214
1 11215
1 11216
1 11217
1 11219
